3.630108586714074492e-02 9.162651617354363731e-01
3.630108586714074492e-02 9.162651617354363731e-01
3.630108586714074492e-02 9.162651617354363731e-01
3.630108586714074492e-02 9.162651617354363731e-01
3.630108586714074492e-02 9.162651617354363731e-01
3.630108586714074492e-02 9.162651617354363731e-01
3.630108586714074492e-02 9.162651617354363731e-01
3.630108586714074492e-02 9.162651617354363731e-01
3.630108586714074492e-02 9.162651617354363731e-01
3.630108586714074492e-02 9.162651617354363731e-01
3.630108586714074492e-02 9.162651617354363731e-01
7.222574346082345498e-01 2.282805973871626926e-01
7.222574346082345498e-01 2.282805973871626926e-01
2.975259664679505978e-01 5.113248684297840851e-01
3.542304917018519461e-01 5.089938602568818693e-01
0.000000000000000000e+00 5.500000000000000000e+00
0.000000000000000000e+00 5.500000000000000000e+00
1.774300017393171114e-01 7.766724917147123097e-01
6.166045210633908091e-02 8.841433449003925915e-01
6.166045210633908091e-02 8.841433449003925915e-01
6.166045210633908091e-02 8.841433449003925915e-01
6.166045210633908091e-02 8.841433449003925915e-01
6.166045210633908091e-02 8.841433449003925915e-01
2.407063453747355919e-02 1.025812695934977370e+00
2.407063453747355919e-02 1.025812695934977370e+00
2.407063453747355919e-02 1.025812695934977370e+00
2.407063453747355919e-02 1.025812695934977370e+00
2.407063453747355919e-02 1.025812695934977370e+00
2.407063453747355919e-02 1.025812695934977370e+00
2.407063453747355919e-02 1.025812695934977370e+00
2.407063453747355919e-02 1.025812695934977370e+00
2.407063453747355919e-02 1.025812695934977370e+00
2.407063453747355919e-02 1.025812695934977370e+00
1.948733974110236633e-01 7.377054083762740744e-01
1.948733974110236633e-01 7.377054083762740744e-01
2.264963628394939255e-01 5.685469241592724376e-01
2.264963628394939255e-01 5.685469241592724376e-01
2.264963628394939255e-01 5.685469241592724376e-01
1.951396571785907197e-01 7.196331552897112793e-01
1.951396571785907197e-01 7.196331552897112793e-01
1.951396571785907197e-01 7.196331552897112793e-01
1.951396571785907197e-01 7.196331552897112793e-01
1.951396571785907197e-01 7.196331552897112793e-01
1.951396571785907197e-01 7.196331552897112793e-01
1.951396571785907197e-01 7.196331552897112793e-01
1.951396571785907197e-01 7.196331552897112793e-01
1.276355985688077121e-01 7.921517143435227171e-01
3.215576849833201578e-04 1.140800220631454920e+00
3.215576849833201578e-04 1.140800220631454920e+00
3.215576849833201578e-04 1.140800220631454920e+00
3.215576849833201578e-04 1.140800220631454920e+00
3.215576849833201578e-04 1.140800220631454920e+00
3.215576849833201578e-04 1.140800220631454920e+00
1.177401143057953403e-01 7.961381805110155918e-01
1.177401143057953403e-01 7.961381805110155918e-01
