2.166725471427990435e+00 8.123535127677309902e+02 3.009534520408511682e+01 1.000000000000000000e+00 1.000000000000000000e+00
2.326586448666176921e+01 6.771137102811578643e+02 1.043667945029623745e+01 0.000000000000000000e+00 0.000000000000000000e+00
2.176027653580509025e+01 7.674307130961871053e+02 4.471363650171005588e+01 1.000000000000000000e+00 0.000000000000000000e+00
2.575451008286812993e+01 9.179202194545554221e+02 9.944629731421792940e+01 0.000000000000000000e+00 0.000000000000000000e+00
2.030561949065768257e+00 5.644233259773387772e+02 3.222050075227639354e+01 1.000000000000000000e+00 1.000000000000000000e+00
2.811700103955653507e+00 3.488181427380820878e+02 6.032555308312255704e+01 0.000000000000000000e+00 1.000000000000000000e+00
1.843272044354597483e+01 9.022890492828018978e+02 8.591882108597327772e+01 0.000000000000000000e+00 0.000000000000000000e+00
2.864789278898861014e+01 2.163180694033153486e+02 7.805062928715810244e+01 1.000000000000000000e+00 0.000000000000000000e+00
1.549301970141660512e+01 5.909011554319849893e+02 3.472989610740550859e+01 0.000000000000000000e+00 0.000000000000000000e+00
7.536383307574838319e+00 4.641732747765879594e+02 1.056356713077983223e+01 0.000000000000000000e+00 1.000000000000000000e+00
5.786811866337584931e+00 2.270371331339619587e+02 9.976705287776015041e+01 1.000000000000000000e+00 0.000000000000000000e+00
9.594624888707160792e+00 7.878230321516871300e+02 1.292028140020597071e+01 1.000000000000000000e+00 0.000000000000000000e+00
7.197654176933752090e+00 1.226162193587905875e+02 6.694823904117531299e+01 0.000000000000000000e+00 0.000000000000000000e+00
2.676122001996568756e+01 5.763749935461686391e+02 3.482633567891669202e+01 0.000000000000000000e+00 1.000000000000000000e+00
6.073219753122389264e+00 6.881605040084120901e+02 4.297392762763290364e+01 0.000000000000000000e+00 1.000000000000000000e+00
3.035708355678767845e+00 2.058229569321324846e+02 1.904578846265327741e+01 1.000000000000000000e+00 0.000000000000000000e+00
1.697705944857091254e+01 8.080424489087644133e+02 3.896372194301041247e+01 0.000000000000000000e+00 0.000000000000000000e+00
9.519769390470141701e+00 8.837076053728968645e+02 6.248301909859612380e+01 1.000000000000000000e+00 1.000000000000000000e+00
3.804372109432534454e+00 4.743314413037314807e+02 9.076489838559366774e+01 1.000000000000000000e+00 0.000000000000000000e+00
5.371756606736773243e+00 2.088663367865103169e+02 6.635560516680919818e+01 1.000000000000000000e+00 0.000000000000000000e+00
2.439250857129095174e+00 5.757616718550473252e+02 9.835322628766307673e+01 0.000000000000000000e+00 0.000000000000000000e+00
1.347899927003458131e+01 6.089710522611252372e+02 9.927427065119442773e+01 1.000000000000000000e+00 1.000000000000000000e+00
2.705360230895646723e+01 8.816433192500846872e+02 2.660745821079252948e+01 1.000000000000000000e+00 0.000000000000000000e+00
9.058009581169031321e+00 3.161517893535010444e+02 7.707678657733737282e+01 1.000000000000000000e+00 1.000000000000000000e+00
1.506933719430442764e+01 9.939030784973041364e+02 4.711127191511418033e+01 0.000000000000000000e+00 0.000000000000000000e+00
2.562567695190058004e+01 3.874296744740979648e+02 5.447146711012518949e+01 1.000000000000000000e+00 0.000000000000000000e+00
1.000000000000000000e+00 4.921107870381792964e+02 2.151267705716088585e+01 1.000000000000000000e+00 0.000000000000000000e+00
1.481941993559397019e+01 4.260960381619021291e+02 9.864649625528140575e+01 0.000000000000000000e+00 0.000000000000000000e+00
1.178195138328715430e+01 5.686677771060171835e+02 8.479715518967591947e+01 0.000000000000000000e+00 1.000000000000000000e+00
2.350641192873059282e+00 5.116680125971658413e+02 2.853873514697339075e+01 1.000000000000000000e+00 1.000000000000000000e+00
1.862137358782374008e+01 6.030051855823141977e+02 7.211018580737101047e+01 0.000000000000000000e+00 1.000000000000000000e+00
1.782170219008178691e+01 3.619334688321873728e+02 8.188132203592337532e+01 1.000000000000000000e+00 0.000000000000000000e+00
2.162227423422175221e+01 1.193427037258354773e+02 2.050499759503381370e+01 0.000000000000000000e+00 0.000000000000000000e+00
2.996482485180810329e+01 1.618749013625650548e+02 7.980923160010236472e+01 0.000000000000000000e+00 0.000000000000000000e+00
3.163222069995003771e+00 5.977551520761356869e+02 8.138126871958131403e+01 1.000000000000000000e+00 1.000000000000000000e+00
3.904095877612806298e+00 3.927934097056689779e+02 6.229496877261598087e+01 1.000000000000000000e+00 0.000000000000000000e+00
2.890451818983386900e+01 6.417399839787979090e+02 6.912444044665063814e+01 0.000000000000000000e+00 0.000000000000000000e+00
1.151687003022950506e+01 4.759881665723584092e+02 5.201769636245420969e+01 0.000000000000000000e+00 1.000000000000000000e+00
3.965556286419476884e+00 8.148174149136102642e+02 2.082690177407726395e+01 0.000000000000000000e+00 1.000000000000000000e+00
2.107281418564797448e+01 6.077235963432628978e+02 9.600557747385940388e+01 1.000000000000000000e+00 0.000000000000000000e+00
1.013128274991252020e+01 2.320141718289742414e+02 6.178709759179640315e+01 0.000000000000000000e+00 1.000000000000000000e+00
2.557434259777719987e+01 1.870678598714668794e+02 9.794940472091377615e+01 0.000000000000000000e+00 1.000000000000000000e+00
6.912503047884577256e+00 9.211597092438214531e+02 1.549355520657010032e+01 1.000000000000000000e+00 1.000000000000000000e+00
1.750502366653268282e+01 6.484212280174654097e+02 2.720867217530397397e+01 1.000000000000000000e+00 1.000000000000000000e+00
1.890612139993910201e+00 2.820940867402588879e+02 2.996709014188965625e+01 1.000000000000000000e+00 0.000000000000000000e+00
8.300137780540509880e+00 2.741432428800729326e+02 4.636712314685412650e+01 1.000000000000000000e+00 0.000000000000000000e+00
2.482599845167964858e+01 7.813046697239723244e+02 7.038265026517444767e+01 0.000000000000000000e+00 0.000000000000000000e+00
1.944605015461556974e+01 1.037471541270680007e+02 2.381098315210178740e+01 1.000000000000000000e+00 1.000000000000000000e+00
2.234587509939462180e+01 9.700467779397534969e+02 6.105067128784421016e+01 0.000000000000000000e+00 0.000000000000000000e+00
2.277074354070125395e+01 7.584610207565556266e+02 7.300175778428294393e+01 0.000000000000000000e+00 1.000000000000000000e+00
5.290078827703536213e+00 3.699560413431050847e+02 7.463355296929398719e+01 0.000000000000000000e+00 1.000000000000000000e+00
2.775526600724353088e+01 6.592393331295897951e+01 5.854541884955718700e+01 1.000000000000000000e+00 1.000000000000000000e+00
1.417005067992626621e+01 8.251411779774214210e+02 7.183440951689975407e+01 0.000000000000000000e+00 0.000000000000000000e+00
2.378555051665203735e+01 6.460646876527596305e+01 5.212228767997424939e+01 0.000000000000000000e+00 0.000000000000000000e+00
5.989972322088275902e+00 4.680935771456295242e+02 8.922826770688224940e+01 1.000000000000000000e+00 0.000000000000000000e+00
2.619264216693775893e+01 1.846638513192764890e+02 1.282149008341896135e+01 1.000000000000000000e+00 0.000000000000000000e+00
1.200774571565059112e+01 1.632773042104233809e+02 6.839734336079675359e+01 1.000000000000000000e+00 0.000000000000000000e+00
1.594836367154769974e+01 5.286432278835002307e+02 6.578527753150717672e+01 1.000000000000000000e+00 1.000000000000000000e+00
1.768220676430880189e+01 8.183893287512438519e+02 6.952764517733551486e+01 0.000000000000000000e+00 1.000000000000000000e+00
1.114232526484033592e+00 1.535599654076962111e+02 3.249567118798309195e+01 1.000000000000000000e+00 0.000000000000000000e+00
1.062621055734538444e+01 3.008539800397837780e+02 4.653681852503869720e+01 0.000000000000000000e+00 1.000000000000000000e+00
4.118744688273107357e+00 2.861209623824453843e+02 5.421208717440633507e+01 0.000000000000000000e+00 1.000000000000000000e+00
1.959026285766691089e+01 8.914959083730916518e+02 8.602317454152581888e+01 0.000000000000000000e+00 0.000000000000000000e+00
2.016236130456834985e+01 7.425785893287461477e+02 9.307246595073073081e+01 1.000000000000000000e+00 0.000000000000000000e+00
1.827514918955369438e+01 8.520784924604282651e+01 6.733937892037558015e+01 1.000000000000000000e+00 0.000000000000000000e+00
1.679698522621783496e+01 2.037808370953100336e+02 2.608913111904967508e+01 1.000000000000000000e+00 0.000000000000000000e+00
1.716568237055782209e+00 3.764694575324163566e+02 6.681648807244215504e+01 1.000000000000000000e+00 0.000000000000000000e+00
9.440412242125310271e+00 6.923250842654714461e+02 1.874907315470125013e+01 0.000000000000000000e+00 0.000000000000000000e+00
2.760251780245174302e+01 3.439966606645720617e+02 7.149560594859707408e+01 1.000000000000000000e+00 1.000000000000000000e+00
2.910990485293136132e+01 5.173055169655912096e+02 7.203006357200681009e+01 1.000000000000000000e+00 0.000000000000000000e+00
7.864957592409415277e+00 6.043368984310696987e+02 6.203779271271963580e+01 0.000000000000000000e+00 1.000000000000000000e+00
2.102964985935791731e+00 1.315529886052956954e+02 8.709252558418801016e+01 0.000000000000000000e+00 0.000000000000000000e+00
1.995289011181920813e+01 8.316849528427974292e+02 6.136342965337318134e+01 0.000000000000000000e+00 1.000000000000000000e+00
4.492370287760727443e+00 5.584653693728506596e+01 6.322754782461483103e+01 1.000000000000000000e+00 1.000000000000000000e+00
2.407695057035461161e+01 2.645220358784487189e+02 5.105669991359459203e+01 0.000000000000000000e+00 1.000000000000000000e+00
1.860776309687345753e+00 3.083574389611271158e+02 3.686343374474772361e+01 0.000000000000000000e+00 1.000000000000000000e+00
2.002360268984608282e+01 9.334367191277611937e+02 6.279531880826640133e+01 0.000000000000000000e+00 0.000000000000000000e+00
2.866751802468397869e+01 3.951127028554872140e+02 8.013873265990652328e+01 0.000000000000000000e+00 1.000000000000000000e+00
4.775758707870499720e+00 9.724045143252837988e+02 5.013423913547835298e+01 0.000000000000000000e+00 0.000000000000000000e+00
2.312254447732692952e+01 2.503619287465309071e+02 1.204599354559755042e+01 1.000000000000000000e+00 1.000000000000000000e+00
2.640366002903387255e+01 8.546513837612689031e+02 4.402876835860696048e+01 1.000000000000000000e+00 0.000000000000000000e+00
4.335371998014656114e+00 4.531455396366594073e+02 7.365737783543659134e+01 0.000000000000000000e+00 0.000000000000000000e+00
2.800063385057733001e+01 8.038814545605397370e+02 6.342697880161548341e+01 0.000000000000000000e+00 0.000000000000000000e+00
2.712178914260056928e+01 5.438628155691632315e+01 7.593241398602482661e+01 1.000000000000000000e+00 1.000000000000000000e+00
1.618657282766228889e+01 7.080489229639675841e+02 7.111604075420392235e+01 1.000000000000000000e+00 1.000000000000000000e+00
7.652924417827041026e+00 9.416596719499556229e+02 8.239044628531479475e+01 0.000000000000000000e+00 0.000000000000000000e+00
2.573053912545092459e+01 9.838164059273378825e+02 7.854485464374295134e+01 1.000000000000000000e+00 0.000000000000000000e+00
8.399611626797867103e+00 3.732525051630140638e+02 2.789092706591912574e+01 0.000000000000000000e+00 0.000000000000000000e+00
8.856766386029974569e+00 9.864014437183529935e+02 1.114428664943627290e+01 0.000000000000000000e+00 1.000000000000000000e+00
2.692181307621711284e+01 8.909898549754723263e+02 2.479391525967276877e+01 0.000000000000000000e+00 1.000000000000000000e+00
1.927546790445752478e+01 2.358951555619283624e+02 3.162821454725003889e+01 0.000000000000000000e+00 0.000000000000000000e+00
2.244144335898838349e+01 1.773886277604657096e+02 5.934359168997760037e+01 0.000000000000000000e+00 1.000000000000000000e+00
1.171884515084456524e+01 7.352374278366811495e+02 9.657850030225070270e+01 0.000000000000000000e+00 0.000000000000000000e+00
8.021397807641616140e+00 6.389516240962152551e+02 3.121587666770791714e+01 1.000000000000000000e+00 0.000000000000000000e+00
2.334481592169769471e+01 8.111393181983133616e+01 5.352031241739008038e+01 1.000000000000000000e+00 0.000000000000000000e+00
5.615847233505268932e+00 7.398946395101879716e+02 9.711520581893095994e+01 1.000000000000000000e+00 1.000000000000000000e+00
3.680197448421627993e+00 2.966045280758959279e+02 8.022472767238484437e+01 0.000000000000000000e+00 0.000000000000000000e+00
1.682024588086408201e+01 1.152320903949824782e+02 8.226827762106250930e+01 1.000000000000000000e+00 1.000000000000000000e+00
2.806117444839314246e+01 8.592307996501967864e+02 5.481546682164360362e+01 1.000000000000000000e+00 0.000000000000000000e+00
1.531564990679147797e+01 1.117366599199490338e+02 9.012827244476828525e+01 1.000000000000000000e+00 1.000000000000000000e+00
2.212894729493326196e+01 5.217504341791267279e+02 4.215788927563676225e+01 1.000000000000000000e+00 1.000000000000000000e+00
1.646585567144888529e+01 6.404031172810238104e+02 1.369386514002081157e+01 0.000000000000000000e+00 0.000000000000000000e+00
8.649977327389471782e+00 3.327998926508497561e+02 6.477244243373024801e+01 1.000000000000000000e+00 0.000000000000000000e+00
1.834973381013985261e+01 4.347427718316129699e+02 6.266451001599804016e+01 1.000000000000000000e+00 1.000000000000000000e+00
1.265094954268312399e+01 4.035429064536955224e+01 5.966904839351103362e+01 0.000000000000000000e+00 0.000000000000000000e+00
1.128312385475810942e+01 1.437108363167463665e+02 3.837255597963030596e+01 0.000000000000000000e+00 1.000000000000000000e+00
2.685285277006596161e+01 4.571968353704077117e+02 7.493991852769136131e+01 1.000000000000000000e+00 0.000000000000000000e+00
1.942958825874813833e+00 9.678352675988321607e+02 2.889044135094001930e+01 0.000000000000000000e+00 0.000000000000000000e+00
2.441057271479852986e+01 8.178884941960795913e+02 7.612975882715943499e+01 0.000000000000000000e+00 1.000000000000000000e+00
4.618825829859139809e+00 1.825139155831994913e+02 2.404929005028603939e+01 1.000000000000000000e+00 1.000000000000000000e+00
2.550223354752080951e+01 9.499864260752637790e+01 2.173934869600313746e+01 0.000000000000000000e+00 1.000000000000000000e+00
1.219977002526571219e+01 3.770459896437999703e+01 9.325224940321116662e+01 1.000000000000000000e+00 1.000000000000000000e+00
1.231165764695872511e+01 6.812083915500893454e+02 2.341077582871232110e+01 0.000000000000000000e+00 0.000000000000000000e+00
2.045562602932365692e+01 4.835046612151535328e+02 3.034403476075773654e+01 1.000000000000000000e+00 0.000000000000000000e+00
1.712901972622275792e+01 9.899232542677663105e+02 8.839109044924963143e+01 1.000000000000000000e+00 1.000000000000000000e+00
9.275655250055509171e+00 6.465463373950557298e+02 4.690908822697699776e+01 1.000000000000000000e+00 0.000000000000000000e+00
2.122443010579248579e+01 8.568410450108585792e+02 6.898201371500871915e+01 1.000000000000000000e+00 0.000000000000000000e+00
1.693992592672063680e+01 1.267108714653009685e+02 3.143803571073144454e+01 0.000000000000000000e+00 0.000000000000000000e+00
2.702921208513715712e+01 4.891520929596662768e+02 1.933879185000089151e+01 1.000000000000000000e+00 1.000000000000000000e+00
5.751674617750215823e+00 7.918028640423801789e+02 2.220451569525768321e+01 1.000000000000000000e+00 0.000000000000000000e+00
2.668266720600373176e+01 7.305970400229871586e+01 3.444276051118006876e+01 1.000000000000000000e+00 1.000000000000000000e+00
1.912639239318784234e+01 6.496432921753345227e+02 8.092517108093338152e+01 0.000000000000000000e+00 0.000000000000000000e+00
8.929910008041570535e+00 6.346996094507662747e+02 1.107346690437461056e+01 0.000000000000000000e+00 1.000000000000000000e+00
1.728123359088637656e+01 5.073863784928788618e+02 5.836034667428667433e+01 1.000000000000000000e+00 0.000000000000000000e+00
2.542980147751913123e+01 8.673388753448102761e+01 6.713422206674687231e+01 0.000000000000000000e+00 1.000000000000000000e+00
2.117960463393863790e+01 3.086824425769123081e+02 5.332089826346262385e+01 0.000000000000000000e+00 1.000000000000000000e+00
2.751968934214650275e+01 4.506841696439718135e+02 9.343337178930484299e+01 1.000000000000000000e+00 1.000000000000000000e+00
2.886997117031451765e+01 2.713358348469599264e+02 4.180005799609413941e+01 0.000000000000000000e+00 1.000000000000000000e+00
1.923526058979368969e+01 7.862521445600216907e+01 8.278909232255593054e+01 0.000000000000000000e+00 1.000000000000000000e+00
2.963256589570404742e+01 7.611234250585215477e+02 8.511887893175038755e+01 0.000000000000000000e+00 0.000000000000000000e+00
9.817056922998645518e+00 6.228782688329752091e+02 5.151502906644913082e+01 0.000000000000000000e+00 1.000000000000000000e+00
1.157174420304193951e+01 6.098400974507010375e+01 7.724896184788231324e+01 0.000000000000000000e+00 0.000000000000000000e+00
1.098659972995027623e+01 3.744816014723314765e+02 9.484282387253477964e+01 0.000000000000000000e+00 1.000000000000000000e+00
2.323785390867115908e+01 6.739571300429289522e+02 7.015567140258312406e+01 1.000000000000000000e+00 1.000000000000000000e+00
2.201848172329728115e+01 2.021730534771182874e+02 5.093329928479686686e+01 0.000000000000000000e+00 0.000000000000000000e+00
2.133962077389361056e+01 9.079120426672157009e+02 2.298987120848497057e+01 1.000000000000000000e+00 0.000000000000000000e+00
2.948303383115526799e+01 2.560133617918634172e+02 3.425409330963892529e+01 1.000000000000000000e+00 1.000000000000000000e+00
1.766068302361436082e+01 1.970746681850829134e+02 1.263502436512642646e+01 0.000000000000000000e+00 1.000000000000000000e+00
2.904733108656824925e+01 4.372639347717374108e+02 3.379094574349240077e+01 0.000000000000000000e+00 0.000000000000000000e+00
1.622201919519387303e+01 8.011965296276484878e+02 1.320272087375024839e+01 1.000000000000000000e+00 1.000000000000000000e+00
2.582356096852964100e+01 9.040126283139470615e+02 9.957682556660282103e+01 1.000000000000000000e+00 1.000000000000000000e+00
1.124496957174873835e+01 2.985631622195086834e+02 2.030598160468193925e+01 1.000000000000000000e+00 0.000000000000000000e+00
1.070730522625148140e+01 2.409105173208690474e+02 5.532761011630410053e+01 1.000000000000000000e+00 1.000000000000000000e+00
2.144152825235902426e+01 9.910600290457973927e+01 4.628589322139231399e+01 1.000000000000000000e+00 0.000000000000000000e+00
1.541408664281756558e+01 4.120176462535195583e+02 9.290514316531181294e+01 1.000000000000000000e+00 1.000000000000000000e+00
2.091014161799356685e+01 9.153253204296725016e+02 9.257212165622841837e+01 1.000000000000000000e+00 1.000000000000000000e+00
1.477682530510333603e+00 4.952695664684640633e+02 3.492182960720050033e+01 0.000000000000000000e+00 1.000000000000000000e+00
1.422869229311540806e+00 5.512222224416134395e+02 9.111485409499918831e+01 1.000000000000000000e+00 0.000000000000000000e+00
1.453416741831867576e+01 3.027772938059991361e+02 8.906345687106579589e+01 0.000000000000000000e+00 0.000000000000000000e+00
1.735591549648172460e+01 8.085046137973752138e+02 4.004147268289959527e+01 0.000000000000000000e+00 1.000000000000000000e+00
2.058767190160006422e+01 6.447960379039337795e+02 1.847683845082480047e+01 0.000000000000000000e+00 1.000000000000000000e+00
1.611784303880898506e+01 9.304216664670224191e+02 2.952774899644676054e+01 1.000000000000000000e+00 0.000000000000000000e+00
2.455522923866696061e+01 9.107610633823286435e+02 7.520506234105764065e+01 0.000000000000000000e+00 0.000000000000000000e+00
1.774458804703594694e+01 2.448989387213941598e+02 8.928798720137852740e+01 1.000000000000000000e+00 1.000000000000000000e+00
2.987511860507217420e+01 4.300126906183567144e+02 1.512565794676719833e+01 0.000000000000000000e+00 1.000000000000000000e+00
2.530593072509206820e+01 4.223922568502848662e+02 6.006312065592804572e+01 0.000000000000000000e+00 1.000000000000000000e+00
8.075303624863160223e+00 5.857464060783717059e+02 1.227749347048428774e+01 1.000000000000000000e+00 0.000000000000000000e+00
1.001960296834189812e+01 7.017044873561717395e+02 2.252081028290813691e+01 0.000000000000000000e+00 0.000000000000000000e+00
7.501134199888220166e+00 3.383831689136110299e+02 7.375077352011697940e+01 1.000000000000000000e+00 1.000000000000000000e+00
4.934769937368363557e+00 3.916651847731420730e+02 5.349020163570902042e+01 0.000000000000000000e+00 1.000000000000000000e+00
1.880326857957889786e+01 2.700342734462044518e+02 1.146605258348045808e+01 1.000000000000000000e+00 0.000000000000000000e+00
2.023960241317169562e+01 7.772484587105719811e+02 8.957217397569435491e+01 1.000000000000000000e+00 1.000000000000000000e+00
7.957191811300858397e+00 1.334553582704833161e+02 1.138272254881624157e+01 1.000000000000000000e+00 1.000000000000000000e+00
2.228491773840384838e+01 6.283932664187335604e+02 2.165386897490878226e+01 0.000000000000000000e+00 1.000000000000000000e+00
2.264173335935113229e+01 9.569943118083191393e+02 5.427732114485652204e+01 1.000000000000000000e+00 1.000000000000000000e+00
9.566764731700349245e+00 8.239347553368595527e+02 1.969187719450684426e+01 1.000000000000000000e+00 0.000000000000000000e+00
2.538842584323401397e+01 1.210940777262439809e+02 1.424233886665478899e+01 1.000000000000000000e+00 0.000000000000000000e+00
2.469599340154915268e+01 1.779638372249209510e+02 1.693431030873330201e+01 1.000000000000000000e+00 0.000000000000000000e+00
2.167199093251490893e+01 1.441924534147292718e+02 2.303959808742018822e+01 0.000000000000000000e+00 0.000000000000000000e+00
1.244136544003740141e+01 4.077712550127611166e+02 8.262751324768674976e+01 1.000000000000000000e+00 0.000000000000000000e+00
6.712401490850471220e+00 3.447189855939692507e+02 5.960752489017473721e+01 1.000000000000000000e+00 0.000000000000000000e+00
2.150193494554664042e+01 5.107329219536842402e+02 7.321937482250251605e+01 1.000000000000000000e+00 1.000000000000000000e+00
2.367066201522035840e+01 8.333759643246897895e+02 5.177734793058093032e+01 0.000000000000000000e+00 1.000000000000000000e+00
1.569207720343327850e+01 4.264263790667592247e+01 2.777887718806595885e+01 0.000000000000000000e+00 1.000000000000000000e+00
1.838047692140684930e+01 5.985525256751221832e+02 1.170670254320332937e+01 0.000000000000000000e+00 1.000000000000000000e+00
2.522021643804367486e+01 7.186886673324748926e+02 1.896562813066647379e+01 0.000000000000000000e+00 1.000000000000000000e+00
1.254919873551924070e+01 9.764934102412382799e+02 7.538384038626838901e+01 0.000000000000000000e+00 1.000000000000000000e+00
2.049027685050062786e+01 2.614722855607750489e+02 9.128620393600881755e+01 0.000000000000000000e+00 0.000000000000000000e+00
4.866268402728033848e+00 1.009574784268368290e+02 4.920013476214977288e+01 0.000000000000000000e+00 1.000000000000000000e+00
2.809251805737862284e+01 3.600859056801921270e+02 9.465688201713096817e+01 1.000000000000000000e+00 0.000000000000000000e+00
1.464416466268498773e+01 8.416195450955544857e+02 9.428119927584938864e+01 1.000000000000000000e+00 1.000000000000000000e+00
3.512140756572252442e+00 6.370394082198596379e+02 9.151011970553460628e+01 0.000000000000000000e+00 1.000000000000000000e+00
8.520925836869654546e+00 4.178318426387711497e+02 6.657125583427404081e+01 1.000000000000000000e+00 1.000000000000000000e+00
1.589663129545832021e+01 7.751622452327334258e+02 8.878959449365798662e+01 0.000000000000000000e+00 0.000000000000000000e+00
2.168995197751562642e+01 6.753922345779062653e+01 5.866066351484414554e+01 1.000000000000000000e+00 1.000000000000000000e+00
4.675137056317113959e+00 7.309693209231703577e+02 9.098033981434913642e+01 1.000000000000000000e+00 1.000000000000000000e+00
2.306501234716199633e+01 5.779213298337619875e+01 9.578416365310938829e+01 0.000000000000000000e+00 0.000000000000000000e+00
2.403775511691616273e+01 4.828947491191376002e+02 4.842382644661697810e+01 0.000000000000000000e+00 0.000000000000000000e+00
1.395852460959067010e+01 8.669963250267090871e+02 3.664224700157614478e+01 0.000000000000000000e+00 1.000000000000000000e+00
2.979725592083948982e+01 1.703439624664503640e+02 2.914487284575598380e+01 0.000000000000000000e+00 1.000000000000000000e+00
2.823317048452505418e+01 3.859305286302424634e+02 1.581193488309585149e+01 0.000000000000000000e+00 1.000000000000000000e+00
1.761148469706241571e+01 3.140370357583800569e+02 7.899519765450477848e+01 1.000000000000000000e+00 0.000000000000000000e+00
2.965480024502901557e+01 2.382326139618906780e+02 8.002204105966669090e+01 1.000000000000000000e+00 1.000000000000000000e+00
6.847086834189452631e+00 5.827026011308254283e+02 2.014250338561289055e+01 1.000000000000000000e+00 0.000000000000000000e+00
2.734498172983342101e+01 4.002567211627095389e+02 1.249420029423858836e+01 0.000000000000000000e+00 0.000000000000000000e+00
1.367214751312354437e+01 7.855324401586420890e+02 3.962068225036284730e+01 0.000000000000000000e+00 1.000000000000000000e+00
1.248907001012207196e+01 3.421219788446175585e+02 2.560134403231472433e+01 1.000000000000000000e+00 0.000000000000000000e+00
1.318154291670226463e+01 4.416818429299990498e+02 4.845415485504848618e+01 1.000000000000000000e+00 1.000000000000000000e+00
8.822400065001868796e+00 1.136475620030777378e+02 7.278387724929891078e+01 0.000000000000000000e+00 1.000000000000000000e+00
2.605850081173235111e+01 5.593598304320308898e+02 3.980303490783774834e+01 0.000000000000000000e+00 0.000000000000000000e+00
7.318074610400429059e+00 8.965693612746167673e+02 6.358437429496972726e+01 1.000000000000000000e+00 1.000000000000000000e+00
3.118253148656429108e+00 3.367574769226192757e+02 6.540951017610004214e+01 0.000000000000000000e+00 1.000000000000000000e+00
2.224538268985773115e+01 7.937442468864519469e+02 5.555242655644097027e+01 0.000000000000000000e+00 0.000000000000000000e+00
1.825070835123293378e+01 7.237505563582036530e+02 7.870078167487852738e+01 0.000000000000000000e+00 1.000000000000000000e+00
1.975324510513399545e+01 7.499625141718231589e+02 7.446437299754083483e+01 0.000000000000000000e+00 1.000000000000000000e+00
2.837297643904706135e+01 5.392820613100745959e+02 4.776412850384746633e+01 0.000000000000000000e+00 1.000000000000000000e+00
8.214703089952106296e+00 2.767057472764984709e+02 9.169278432714287419e+01 0.000000000000000000e+00 1.000000000000000000e+00
1.326019919450741824e+01 6.008317820480172031e+02 7.825901854296267857e+01 1.000000000000000000e+00 0.000000000000000000e+00
8.121697451141503876e+00 8.057799232139811920e+02 7.886332059636185932e+01 0.000000000000000000e+00 0.000000000000000000e+00
1.046524373315404866e+01 5.608785876502806786e+02 4.019018094699090682e+01 0.000000000000000000e+00 1.000000000000000000e+00
2.346735257371802064e+01 3.505467586917295648e+02 3.952999437282728934e+01 1.000000000000000000e+00 0.000000000000000000e+00
1.756538414975284290e+00 2.484093653904789676e+02 3.759342700809848736e+01 1.000000000000000000e+00 0.000000000000000000e+00
2.504396636890369976e+01 2.126275474332420856e+01 3.072585490348995663e+01 1.000000000000000000e+00 0.000000000000000000e+00
8.182398108420496641e+00 1.464253095727225968e+02 5.789479461906042701e+01 1.000000000000000000e+00 0.000000000000000000e+00
1.816527368400407738e+01 9.360470594587376354e+02 8.152493498018519347e+01 1.000000000000000000e+00 0.000000000000000000e+00
1.143050715254738492e+01 1.733095518312651961e+02 9.850045099806833093e+01 0.000000000000000000e+00 0.000000000000000000e+00
2.097032368927087020e+01 1.417236450369307761e+02 3.566182650531422382e+01 0.000000000000000000e+00 0.000000000000000000e+00
5.972409549877374602e+00 5.188835046773185695e+02 2.321088640866766895e+01 0.000000000000000000e+00 1.000000000000000000e+00
1.221478499903604131e+01 3.524881578962407502e+02 6.520522615382152765e+01 1.000000000000000000e+00 0.000000000000000000e+00
1.018981041148093780e+01 9.614737007839170246e+02 8.443051372676573862e+01 1.000000000000000000e+00 0.000000000000000000e+00
1.374196953854686498e+01 3.987721490321947044e+02 3.274411446004933168e+01 1.000000000000000000e+00 1.000000000000000000e+00
1.582202629321216669e+01 7.982037124647279143e+02 7.681986895615254696e+01 0.000000000000000000e+00 0.000000000000000000e+00
2.474243416601699508e+01 8.612089513575074307e+02 6.490892608017797727e+01 1.000000000000000000e+00 0.000000000000000000e+00
2.923399230253165371e+01 7.145220197055374456e+01 4.379311305934305665e+01 0.000000000000000000e+00 1.000000000000000000e+00
7.003520003808715977e+00 1.706616954652783846e+01 5.895203018955400864e+01 0.000000000000000000e+00 1.000000000000000000e+00
7.585084058912702432e+00 4.451293873878844920e+02 1.626248424501452661e+01 0.000000000000000000e+00 1.000000000000000000e+00
6.553110593744304602e+00 6.965724238578188761e+02 7.753360013235590031e+01 0.000000000000000000e+00 0.000000000000000000e+00
6.749561144947267444e+00 4.986919546838320798e+02 4.501111568324513712e+01 1.000000000000000000e+00 1.000000000000000000e+00
1.032260047883528387e+01 3.784096788895656687e+02 4.251538027798720520e+01 1.000000000000000000e+00 0.000000000000000000e+00
5.013933076061425353e+00 8.634898078139858626e+02 4.819310194569369088e+01 1.000000000000000000e+00 0.000000000000000000e+00
1.046954280318106179e+01 5.789657228256805865e+02 5.049009436261202666e+01 1.000000000000000000e+00 0.000000000000000000e+00
1.056916156978024190e+01 4.789526831077832298e+02 8.644592657924440005e+01 0.000000000000000000e+00 0.000000000000000000e+00
9.392573877061234811e+00 5.023745662467834450e+02 5.392254628602024269e+01 0.000000000000000000e+00 0.000000000000000000e+00
2.645905823183372263e+01 5.038574240659377210e+02 9.620790116691796356e+01 0.000000000000000000e+00 1.000000000000000000e+00
5.460072974163278303e+00 1.997139575794184054e+02 2.698068523950958664e+01 1.000000000000000000e+00 1.000000000000000000e+00
1.654462241942152190e+01 8.292265411329892686e+02 8.505933875078822837e+01 0.000000000000000000e+00 1.000000000000000000e+00
4.383925436793629338e+00 3.223800782071117510e+02 6.544466647902322620e+01 0.000000000000000000e+00 0.000000000000000000e+00
1.064121819145390724e+01 5.527687204692264231e+02 5.386687540619180226e+01 0.000000000000000000e+00 1.000000000000000000e+00
2.818928599700666382e+01 4.473568084940291669e+02 4.887637869525755008e+01 0.000000000000000000e+00 1.000000000000000000e+00
1.812170136811545973e+01 6.154742789320383736e+02 4.751251066913123822e+01 0.000000000000000000e+00 1.000000000000000000e+00
7.139703716720821269e+00 4.871065884374182815e+02 1.011632216251988936e+01 0.000000000000000000e+00 1.000000000000000000e+00
3.750053148436536699e+00 2.023648595578351461e+01 9.906234779167937177e+01 1.000000000000000000e+00 1.000000000000000000e+00
1.312321066343142206e+01 6.848258019536211805e+02 5.702997942995329339e+01 1.000000000000000000e+00 1.000000000000000000e+00
2.722763377231310677e+00 8.935241167771418986e+02 3.198788844392815989e+01 1.000000000000000000e+00 0.000000000000000000e+00
1.470756379380957135e+01 2.194270460076685083e+02 9.269513307668832169e+01 0.000000000000000000e+00 0.000000000000000000e+00
9.011056965090364912e+00 7.468062119176014448e+02 8.113859583526833319e+01 1.000000000000000000e+00 0.000000000000000000e+00
2.945618131343364610e+01 9.966478240322635429e+02 2.243477592812685018e+01 1.000000000000000000e+00 0.000000000000000000e+00
2.083834002564936227e+01 4.573295778160268696e+02 2.439486990643639075e+01 0.000000000000000000e+00 1.000000000000000000e+00
1.520317475249942873e+01 1.887772396583305863e+02 9.030783160376766716e+01 0.000000000000000000e+00 0.000000000000000000e+00
1.393598622005655230e+01 7.114838273749176096e+02 8.856814838506763010e+01 0.000000000000000000e+00 1.000000000000000000e+00
1.433554764492204647e+01 1.093044323094741515e+02 4.307627584645497620e+01 0.000000000000000000e+00 0.000000000000000000e+00
2.639272880128317667e+01 1.984434360098723573e+02 6.938576462308085979e+01 0.000000000000000000e+00 1.000000000000000000e+00
1.085953650364313638e+01 3.270383846497666127e+02 5.599590562015575301e+01 1.000000000000000000e+00 0.000000000000000000e+00
1.602777296710742405e+01 8.216374032371305702e+02 4.954985034734703930e+01 0.000000000000000000e+00 0.000000000000000000e+00
1.703550763415983127e+01 7.135557362357708371e+02 5.523121933565936814e+01 0.000000000000000000e+00 1.000000000000000000e+00
9.966835524206398844e+00 2.471076802297949939e+02 6.198440179206622958e+01 1.000000000000000000e+00 1.000000000000000000e+00
5.101199564949343568e+00 3.890689178169130855e+02 7.555339033575062047e+01 1.000000000000000000e+00 1.000000000000000000e+00
2.794348086390218810e+01 5.253021703160391098e+02 1.939335534485404722e+01 1.000000000000000000e+00 0.000000000000000000e+00
2.154669373471512017e+01 5.332989739225417907e+02 1.000000000000000000e+01 0.000000000000000000e+00 0.000000000000000000e+00
1.383779653257840137e+00 4.862165492666730984e+02 4.522276232314602851e+01 1.000000000000000000e+00 0.000000000000000000e+00
2.722631571753264623e+01 3.275840487131142709e+01 8.622698415038126996e+01 0.000000000000000000e+00 0.000000000000000000e+00
1.748361426949879771e+01 5.486544608985448122e+02 8.562574209418600901e+01 1.000000000000000000e+00 1.000000000000000000e+00
1.437774459359468793e+01 5.944277358831387801e+02 1.735398714081248528e+01 0.000000000000000000e+00 1.000000000000000000e+00
1.090696973505177603e+01 6.123582422090975115e+02 6.817920505700165279e+01 1.000000000000000000e+00 1.000000000000000000e+00
6.460385906171985937e+00 4.214168975525298606e+02 7.647715294358427229e+01 1.000000000000000000e+00 1.000000000000000000e+00
5.831138802834401780e+00 3.115640248200239739e+02 9.884788363539178135e+01 0.000000000000000000e+00 0.000000000000000000e+00
1.324447186221435402e+01 8.279629633269966007e+02 7.158125233104570384e+01 1.000000000000000000e+00 1.000000000000000000e+00
6.593739375072797060e+00 5.582954076917256998e+02 6.145342723983128508e+01 0.000000000000000000e+00 1.000000000000000000e+00
5.694424719588908168e+00 2.529546911217308605e+02 6.126001030103792289e+01 0.000000000000000000e+00 0.000000000000000000e+00
2.130736272458507230e+01 6.336249629247572557e+02 2.690692886691687491e+01 1.000000000000000000e+00 1.000000000000000000e+00
3.218074991213764502e+00 1.000000000000000000e+01 8.800063259580434760e+01 1.000000000000000000e+00 0.000000000000000000e+00
2.055861126622528090e+01 3.246600885049517728e+02 5.734635466219241806e+01 1.000000000000000000e+00 0.000000000000000000e+00
2.357858514851974263e+01 9.667028933994147337e+02 2.420173831575640122e+01 1.000000000000000000e+00 1.000000000000000000e+00
1.117200258046730710e+01 9.815495748927658042e+02 3.884088007673247489e+01 1.000000000000000000e+00 1.000000000000000000e+00
1.978626454701372950e+01 9.924247005800908710e+02 4.052513870912952143e+01 0.000000000000000000e+00 1.000000000000000000e+00
1.788290486549664138e+01 4.700472092358605209e+02 9.358160997051254526e+01 1.000000000000000000e+00 0.000000000000000000e+00
2.252651146826195472e+01 5.677253761046513318e+02 8.824133849120710238e+01 1.000000000000000000e+00 1.000000000000000000e+00
1.987776964170213745e+01 1.346781634822254148e+02 9.767517999228181225e+01 0.000000000000000000e+00 1.000000000000000000e+00
1.291180876588780890e+01 5.875186945224121473e+02 1.807475779148134265e+01 0.000000000000000000e+00 1.000000000000000000e+00
1.800486256367203453e+01 7.460516592952276369e+02 4.598454477639318583e+01 1.000000000000000000e+00 0.000000000000000000e+00
2.628716278276791485e+01 1.945543127979463520e+02 7.419339817464856424e+01 1.000000000000000000e+00 1.000000000000000000e+00
3.363589783420057433e+00 6.174251372988960611e+02 9.034982730318229471e+01 0.000000000000000000e+00 0.000000000000000000e+00
1.884176407864179126e+01 4.950689002376196157e+01 5.724423221638064518e+01 0.000000000000000000e+00 1.000000000000000000e+00
2.687839760893425733e+01 7.950153511704672837e+02 9.188076189250297432e+01 1.000000000000000000e+00 0.000000000000000000e+00
2.072372766857352033e+01 5.881577409674340515e+02 3.213226031048672837e+01 0.000000000000000000e+00 1.000000000000000000e+00
1.149730724991863973e+01 3.626623941945545653e+02 3.325534697524464178e+01 1.000000000000000000e+00 1.000000000000000000e+00
1.644457624806566542e+01 8.996496468028479967e+02 1.743971668858211999e+01 0.000000000000000000e+00 1.000000000000000000e+00
2.739363374194529577e+00 7.293083190005659162e+02 1.487082544946284912e+01 1.000000000000000000e+00 0.000000000000000000e+00
2.208588118562937552e+01 1.064431116633934664e+02 5.236159284049727347e+01 0.000000000000000000e+00 0.000000000000000000e+00
1.454972465203629106e+01 7.511913486318680953e+02 8.961269386386410929e+01 0.000000000000000000e+00 1.000000000000000000e+00
2.373284770775834929e+01 1.656507943658113788e+02 8.763346830168431723e+01 1.000000000000000000e+00 0.000000000000000000e+00
1.806868988606551696e+01 2.887729124699025647e+02 3.055788180163384382e+01 0.000000000000000000e+00 1.000000000000000000e+00
1.665398646822847795e+01 6.655600631303859700e+02 8.044810284159673586e+01 1.000000000000000000e+00 1.000000000000000000e+00
2.921560136020306508e+00 4.657653502154666398e+02 8.327169269676093677e+01 0.000000000000000000e+00 0.000000000000000000e+00
2.104438982646080802e+01 2.232500018995649214e+02 4.572922447758310938e+01 0.000000000000000000e+00 1.000000000000000000e+00
2.718918009621473786e+01 3.399288102758632135e+01 3.855820393490999720e+01 1.000000000000000000e+00 1.000000000000000000e+00
1.562641636379216870e+01 3.652659918168595254e+01 7.132938789225221399e+01 1.000000000000000000e+00 1.000000000000000000e+00
2.769664752210843162e+01 3.664260906085663123e+02 9.777813195029605708e+01 1.000000000000000000e+00 1.000000000000000000e+00
2.993257917990310801e+01 2.591202326932637447e+02 3.785054039880608912e+01 0.000000000000000000e+00 0.000000000000000000e+00
1.895225754770765647e+01 7.721326643207581810e+02 2.944123103743395475e+01 1.000000000000000000e+00 0.000000000000000000e+00
2.447641377043023425e+01 7.108876151750858980e+02 1.490944546886862376e+01 0.000000000000000000e+00 0.000000000000000000e+00
2.510163569130635608e+01 8.454657044952772367e+02 5.986966980047689901e+01 0.000000000000000000e+00 0.000000000000000000e+00
2.598353136500556460e+01 7.829544949445844395e+02 4.511608439278706584e+01 0.000000000000000000e+00 0.000000000000000000e+00
2.290167354893650398e+01 3.350025259340817456e+02 7.051774078924822220e+01 1.000000000000000000e+00 0.000000000000000000e+00
1.285042786504758539e+01 4.595117911798187151e+02 8.703832033071435603e+01 0.000000000000000000e+00 0.000000000000000000e+00
7.050513428109242753e+00 3.817600015419780561e+02 3.818417182713049129e+01 0.000000000000000000e+00 0.000000000000000000e+00
1.077318568240015395e+01 6.822003050153509776e+02 5.812666122380176859e+01 1.000000000000000000e+00 1.000000000000000000e+00
2.652238282056280028e+01 4.041293202230403949e+02 4.806137288554600673e+01 0.000000000000000000e+00 0.000000000000000000e+00
1.962868628755838074e+01 2.909599164320929958e+02 7.626974240863744114e+01 0.000000000000000000e+00 1.000000000000000000e+00
2.350395638345702309e+01 9.489351356552904235e+02 1.406823422275623869e+01 1.000000000000000000e+00 1.000000000000000000e+00
2.419732088115665647e+01 7.552138379944773305e+01 1.524805747174227477e+01 0.000000000000000000e+00 0.000000000000000000e+00
2.394414113654172027e+01 8.119491326811180443e+02 2.502948376383489659e+01 1.000000000000000000e+00 1.000000000000000000e+00
2.464390925089497486e+01 1.596134632728140730e+02 1.602746018875240352e+01 1.000000000000000000e+00 1.000000000000000000e+00
1.025431974770134325e+01 4.488860812657587758e+02 3.310634265153696276e+01 1.000000000000000000e+00 1.000000000000000000e+00
1.207783584306458602e+00 3.318789466897178499e+02 4.994759633465017146e+01 0.000000000000000000e+00 0.000000000000000000e+00
2.490350959294159239e+01 9.547934407031281125e+02 3.522683797679707851e+01 0.000000000000000000e+00 0.000000000000000000e+00
6.308690029062017146e+00 8.713584799746712406e+02 1.331832159832167051e+01 1.000000000000000000e+00 1.000000000000000000e+00
2.658936919893477580e+00 3.648048781943886070e+02 2.001604123960966319e+01 0.000000000000000000e+00 0.000000000000000000e+00
1.193847949307154899e+01 7.334895779600349215e+02 5.889727005914289748e+01 1.000000000000000000e+00 1.000000000000000000e+00
2.728148212069374878e+01 2.174908568884286808e+02 3.641016292513062069e+01 0.000000000000000000e+00 0.000000000000000000e+00
1.303228232572469381e+01 8.501072179107720785e+02 3.942540704477980995e+01 0.000000000000000000e+00 1.000000000000000000e+00
1.913484468432665508e+01 6.208126707922463083e+02 6.609943649411194144e+01 1.000000000000000000e+00 0.000000000000000000e+00
1.273214441118253992e+00 9.394538052781459783e+02 6.290152826074124448e+01 0.000000000000000000e+00 0.000000000000000000e+00
1.205845890869038328e+01 4.024671099450349061e+02 5.758258193939770564e+01 1.000000000000000000e+00 1.000000000000000000e+00
2.787858120285329022e+01 5.058125321817119584e+02 6.987452865627216170e+01 1.000000000000000000e+00 1.000000000000000000e+00
1.858966054388474376e+01 9.794931078551320525e+01 5.253400655496611904e+01 1.000000000000000000e+00 0.000000000000000000e+00
2.431041757172494755e+01 9.131532508302894939e+02 5.671076471355020487e+01 1.000000000000000000e+00 1.000000000000000000e+00
1.275213557928943331e+01 4.538586253357800615e+02 2.481389092141075636e+01 0.000000000000000000e+00 0.000000000000000000e+00
1.573905790707322438e+01 6.999187366889710802e+02 8.987097323222266709e+01 1.000000000000000000e+00 1.000000000000000000e+00
6.972839961247753848e+00 3.167969128468153599e+02 8.174847447418432012e+01 1.000000000000000000e+00 1.000000000000000000e+00
2.388139846489354312e+01 2.836264958272146828e+02 8.732081455161714700e+01 1.000000000000000000e+00 1.000000000000000000e+00
3.408302361812600267e+00 4.317092168549474991e+02 6.433382608918745404e+01 0.000000000000000000e+00 1.000000000000000000e+00
2.835465067383185556e+01 4.110848373561120752e+02 1.818049830319708704e+01 1.000000000000000000e+00 1.000000000000000000e+00
1.167726754558598401e+01 2.586008876884778829e+02 8.406487134484652302e+01 1.000000000000000000e+00 0.000000000000000000e+00
6.240309690523211827e+00 1.663229622144995687e+02 4.089084849118459886e+01 1.000000000000000000e+00 0.000000000000000000e+00
9.697557215576170009e+00 9.149475419453129916e+02 5.042719303345842974e+01 0.000000000000000000e+00 0.000000000000000000e+00
2.604038065560187931e+01 9.243819847455587535e+01 9.399581871277601408e+01 1.000000000000000000e+00 0.000000000000000000e+00
1.486176480936047994e+01 7.890856584444982218e+02 9.535198202154180080e+01 1.000000000000000000e+00 1.000000000000000000e+00
2.831002149462694106e+01 2.117598831007060483e+02 3.723033240757722950e+01 0.000000000000000000e+00 1.000000000000000000e+00
2.564150992957842234e+01 8.983803029498221804e+02 7.577680631419448787e+01 1.000000000000000000e+00 1.000000000000000000e+00
2.971785840134142020e+01 4.237801222773418885e+02 5.656040152591670278e+01 0.000000000000000000e+00 1.000000000000000000e+00
1.474244220494678359e+01 7.259309170798229616e+02 3.624832667413581078e+01 0.000000000000000000e+00 1.000000000000000000e+00
1.404885767352021908e+01 5.103811107649489998e+01 1.651682804387648673e+01 0.000000000000000000e+00 0.000000000000000000e+00
4.188489759585580785e+00 9.637688668065687807e+02 7.263885629879280259e+01 1.000000000000000000e+00 1.000000000000000000e+00
5.467135787226171217e+00 8.481193510095578176e+02 9.058019817065702739e+01 0.000000000000000000e+00 0.000000000000000000e+00
2.625856221999928408e+01 3.967883448145788634e+02 2.664606703783297803e+01 0.000000000000000000e+00 0.000000000000000000e+00
9.930619322359781620e+00 8.379744253126909825e+02 1.676663283206318056e+01 1.000000000000000000e+00 1.000000000000000000e+00
1.525942053616118521e+01 1.807912469357168277e+02 3.536000019958552798e+01 0.000000000000000000e+00 0.000000000000000000e+00
2.929813343169376338e+01 8.644734460004707444e+02 5.074035790653375244e+01 0.000000000000000000e+00 1.000000000000000000e+00
3.591775984261375232e+00 3.703658493192947958e+02 5.629120251921268192e+01 0.000000000000000000e+00 1.000000000000000000e+00
2.446560211928776596e+00 6.275835548144495988e+02 5.916603042648741706e+01 0.000000000000000000e+00 1.000000000000000000e+00
1.607908791689177974e+01 3.464652526410394557e+02 2.529140192618842420e+01 0.000000000000000000e+00 0.000000000000000000e+00
2.216144341246557659e+01 9.786881916866343545e+02 4.346696093136112182e+01 1.000000000000000000e+00 0.000000000000000000e+00
2.852541639444119426e+01 5.412581308298262002e+02 9.643759543870781670e+01 0.000000000000000000e+00 0.000000000000000000e+00
2.742720316677979042e+01 7.545181090353647733e+02 2.116825305769395271e+01 1.000000000000000000e+00 0.000000000000000000e+00
1.181383174083816279e+01 4.317469238580141422e+01 9.439175144100452997e+01 1.000000000000000000e+00 0.000000000000000000e+00
9.214255408566588201e+00 4.164005036645526161e+02 4.237613144931576414e+01 1.000000000000000000e+00 1.000000000000000000e+00
1.075290140134576244e+00 2.414120338534560517e+01 8.301636300511431443e+01 1.000000000000000000e+00 1.000000000000000000e+00
2.075592854486666639e+01 4.068201162458485669e+02 4.152002676495720834e+01 0.000000000000000000e+00 0.000000000000000000e+00
5.882962047092250124e+00 2.550172912451021148e+02 9.824627504815006773e+01 0.000000000000000000e+00 0.000000000000000000e+00
2.069340512870747872e+01 8.431458546482623433e+02 2.820620313588084116e+01 1.000000000000000000e+00 0.000000000000000000e+00
1.742016750153426585e+01 1.462733382082857858e+01 4.678477278442739618e+01 1.000000000000000000e+00 1.000000000000000000e+00
1.661335809184171097e+01 6.555295911487185094e+02 5.166369974881694560e+01 0.000000000000000000e+00 0.000000000000000000e+00
1.902192784498758726e+01 5.314973403384201447e+02 9.382275262210775679e+01 0.000000000000000000e+00 0.000000000000000000e+00
1.988327765620794096e+01 9.874315986704883699e+02 6.395647870602925877e+01 0.000000000000000000e+00 0.000000000000000000e+00
2.031660738914397157e+01 8.771142511865130018e+02 4.113063288355012759e+01 1.000000000000000000e+00 1.000000000000000000e+00
2.282747612198726017e+01 7.385162865832045327e+02 8.394289063198105794e+01 0.000000000000000000e+00 0.000000000000000000e+00
1.412081534279349349e+01 5.234114517094152461e+02 7.433560784782606845e+01 0.000000000000000000e+00 0.000000000000000000e+00
7.787182820891717761e+00 2.274251445681270525e+02 8.758739825839730031e+01 1.000000000000000000e+00 0.000000000000000000e+00
2.876605185646904417e+01 5.706429174753333200e+02 2.753486830098395544e+01 1.000000000000000000e+00 0.000000000000000000e+00
2.898178051827592228e+01 7.974935801961653681e+01 4.547261732692071945e+01 1.000000000000000000e+00 1.000000000000000000e+00
2.779752481672785436e+01 9.245456624209065239e+02 4.732019500501531439e+01 1.000000000000000000e+00 0.000000000000000000e+00
8.341055953481532725e+00 2.960329191371140567e+01 4.045052702785245913e+01 0.000000000000000000e+00 0.000000000000000000e+00
2.271988217886164207e+01 9.283493949086987413e+02 9.745782650120666801e+01 1.000000000000000000e+00 1.000000000000000000e+00
8.756483088848739271e+00 9.555813100154209678e+02 9.198064003947820311e+01 0.000000000000000000e+00 0.000000000000000000e+00
4.147342163327191855e+00 7.589372165010742037e+02 3.334135550428514705e+01 0.000000000000000000e+00 0.000000000000000000e+00
2.069601949486969517e+00 4.155026445269194255e+02 1.780378076592090864e+01 1.000000000000000000e+00 0.000000000000000000e+00
1.211922298970954515e+01 5.472805291630012334e+02 8.431800445278327061e+01 0.000000000000000000e+00 1.000000000000000000e+00
4.026208261252646636e+00 6.522786856212804878e+02 8.681815789554059393e+01 0.000000000000000000e+00 1.000000000000000000e+00
2.611136887767794690e+01 8.781621535423552132e+02 1.712365280061180428e+01 0.000000000000000000e+00 1.000000000000000000e+00
1.870230696516430413e+01 6.981529016818932405e+02 8.785015565710386909e+01 1.000000000000000000e+00 1.000000000000000000e+00
1.102942891105305279e+01 2.669040174821042797e+02 5.290662553819256431e+01 0.000000000000000000e+00 1.000000000000000000e+00
1.792709624489298292e+01 6.114405849785232476e+02 3.554594862273513911e+01 1.000000000000000000e+00 0.000000000000000000e+00
1.537759079501640969e+01 7.555123719163628948e+02 2.202111388628731348e+01 1.000000000000000000e+00 0.000000000000000000e+00
1.557436256485530457e+01 1.556748337984428474e+02 7.934329903623839186e+01 0.000000000000000000e+00 1.000000000000000000e+00
5.329312615046347901e+00 7.210629010281190858e+02 5.309745181384229795e+01 1.000000000000000000e+00 1.000000000000000000e+00
3.631218689713322512e+00 6.935323568363816094e+01 9.225057406413827721e+01 0.000000000000000000e+00 0.000000000000000000e+00
1.284537427311665247e+01 5.741726557945046352e+02 6.804336487632781427e+01 0.000000000000000000e+00 1.000000000000000000e+00
3.275680031241887669e+00 1.377944822618455873e+02 2.904582966595994264e+01 0.000000000000000000e+00 1.000000000000000000e+00
1.670034789533502817e+01 2.669982518047423810e+02 5.501090743478386003e+01 0.000000000000000000e+00 1.000000000000000000e+00
2.878647787415228265e+01 2.298654852009143212e+02 6.756756878583374260e+01 0.000000000000000000e+00 0.000000000000000000e+00
3.839971706172179644e+00 4.400506752761278335e+02 7.094200698014257966e+01 1.000000000000000000e+00 0.000000000000000000e+00
1.420297417572607479e+01 6.727695904755805714e+02 4.126397550525094005e+01 0.000000000000000000e+00 1.000000000000000000e+00
2.192495562878902859e+01 6.698946993053413053e+02 8.535044775990090216e+01 1.000000000000000000e+00 0.000000000000000000e+00
1.009616266146170993e+01 8.805448892753081509e+02 7.501499084309460841e+01 0.000000000000000000e+00 0.000000000000000000e+00
2.512416877432260875e+01 5.380401574991965390e+02 1.455262205270387099e+01 0.000000000000000000e+00 0.000000000000000000e+00
1.499666397804707962e+01 6.900554352435159444e+02 1.444199270031479543e+01 1.000000000000000000e+00 0.000000000000000000e+00
7.419607457425085428e+00 9.324337586992730849e+02 1.857015556561043468e+01 0.000000000000000000e+00 0.000000000000000000e+00
9.313956532517561726e+00 1.400919995159474354e+02 8.472328448227244735e+01 0.000000000000000000e+00 0.000000000000000000e+00
2.184252868793478797e+01 1.144963703581079351e+01 3.291132125430560507e+01 1.000000000000000000e+00 1.000000000000000000e+00
7.228260410669114400e+00 6.597417285143583285e+02 7.733536955783903011e+01 0.000000000000000000e+00 0.000000000000000000e+00
6.200579279989101522e+00 8.329793810409667287e+01 3.105693633772870044e+01 1.000000000000000000e+00 1.000000000000000000e+00
1.691772043123450686e+01 1.287372567350651593e+02 2.828418153295814008e+01 1.000000000000000000e+00 1.000000000000000000e+00
2.022933894664422994e+01 2.147117669461516982e+02 3.694394638977945533e+01 1.000000000000000000e+00 0.000000000000000000e+00
1.521103165843441296e+00 2.335796986920349525e+02 6.993574074720062583e+01 0.000000000000000000e+00 1.000000000000000000e+00
2.362384348852929961e+01 3.241537776279334366e+02 8.107685762393383300e+01 1.000000000000000000e+00 0.000000000000000000e+00
1.636781574870934453e+00 5.358822692165027775e+02 4.576434576922754616e+01 0.000000000000000000e+00 1.000000000000000000e+00
1.445498697200665816e+01 6.197835826087607529e+02 4.337080115028820160e+01 0.000000000000000000e+00 0.000000000000000000e+00
2.413649853861826600e+01 1.506444322572476437e+02 2.746084501672021361e+01 1.000000000000000000e+00 0.000000000000000000e+00
1.237153974141586765e+01 9.069547479495346352e+02 9.246054373863012188e+01 1.000000000000000000e+00 1.000000000000000000e+00
1.636212340172291135e+01 6.615899356351487768e+02 3.732263645587548240e+01 0.000000000000000000e+00 0.000000000000000000e+00
1.631613479521224619e+01 4.392294777002626915e+02 9.518594374394976398e+01 0.000000000000000000e+00 0.000000000000000000e+00
9.880121696679317722e+00 1.905919367999510428e+02 4.865517682588988180e+01 1.000000000000000000e+00 0.000000000000000000e+00
1.036917976235709915e+01 8.963603380163493739e+01 6.067383503048615978e+01 0.000000000000000000e+00 0.000000000000000000e+00
2.010987383627053049e+01 2.720835001392290309e+01 4.169752711806521006e+01 1.000000000000000000e+00 1.000000000000000000e+00
2.186482146504303969e+01 3.572065829985090772e+02 3.919319143302078601e+01 0.000000000000000000e+00 0.000000000000000000e+00
2.257919436589898510e+01 9.516556153415710924e+02 8.364634777587231440e+01 0.000000000000000000e+00 0.000000000000000000e+00
2.586591222966021508e+00 8.471061722228986355e+02 3.583581275049232318e+01 0.000000000000000000e+00 1.000000000000000000e+00
1.585178519952706644e+00 3.194374290071640416e+02 3.361822012259951720e+01 1.000000000000000000e+00 1.000000000000000000e+00
1.949180513713723428e+01 1.172825597145521357e+02 1.396472742014652901e+01 1.000000000000000000e+00 0.000000000000000000e+00
1.716902346622235243e+01 7.693169597320063531e+02 6.782377608775206568e+01 0.000000000000000000e+00 0.000000000000000000e+00
9.116813584979787777e+00 5.551528991764604370e+02 5.778165280443599983e+01 0.000000000000000000e+00 1.000000000000000000e+00
4.752676156361671289e+00 7.287815944920428137e+02 1.000000000000000000e+02 1.000000000000000000e+00 1.000000000000000000e+00
1.378134962289479937e+01 5.302940991700438644e+02 3.179220494943477249e+01 1.000000000000000000e+00 1.000000000000000000e+00
2.240706112525364002e+00 4.281986483623708182e+02 2.629565537825858001e+01 1.000000000000000000e+00 1.000000000000000000e+00
2.670676879251696079e+01 6.543436664119902844e+02 2.863266967893887482e+01 0.000000000000000000e+00 0.000000000000000000e+00
2.478575151214953110e+01 4.726204185004472436e+01 7.245468035352715219e+01 1.000000000000000000e+00 1.000000000000000000e+00
1.488684893144339583e+01 9.259551696110254397e+02 6.959992771370735909e+01 0.000000000000000000e+00 1.000000000000000000e+00
5.532716535474368591e+00 2.245478690115179177e+02 1.574893360602369796e+01 1.000000000000000000e+00 0.000000000000000000e+00
2.662264826335817602e+01 6.248880738779857893e+02 8.206313174584040837e+01 1.000000000000000000e+00 0.000000000000000000e+00
2.542791288583400977e+00 3.557619011074795594e+02 4.278472915171751367e+01 1.000000000000000000e+00 1.000000000000000000e+00
2.936697613063106971e+01 7.197968294512763805e+02 9.471220956739479391e+01 0.000000000000000000e+00 0.000000000000000000e+00
1.342894490919956851e+01 9.206465175854724521e+02 4.076234078372669956e+01 1.000000000000000000e+00 1.000000000000000000e+00
2.111924419643489514e+01 7.982604400062125478e+02 4.416415944601057220e+01 1.000000000000000000e+00 1.000000000000000000e+00
2.932360716668287282e+01 9.745808019170173111e+02 4.941169378722865702e+01 1.000000000000000000e+00 1.000000000000000000e+00
2.300365948313059050e+01 5.141543481606297519e+02 2.133951821313166164e+01 0.000000000000000000e+00 1.000000000000000000e+00
8.445852704617323070e+00 6.780105120635848834e+02 2.264568473577456587e+01 1.000000000000000000e+00 1.000000000000000000e+00
1.579611370821736926e+01 2.897088982992092383e+02 2.983527149438199189e+01 0.000000000000000000e+00 1.000000000000000000e+00
4.288686370869498887e+00 8.746558750969431912e+02 4.755576285736697884e+01 0.000000000000000000e+00 1.000000000000000000e+00
2.761571470407592699e+01 4.932064468977461615e+02 5.682944746712988859e+01 1.000000000000000000e+00 0.000000000000000000e+00
1.389260938687789526e+01 7.156710168047466141e+02 6.882019118920922551e+01 1.000000000000000000e+00 1.000000000000000000e+00
4.960511818960656072e+00 8.375981390337111634e+02 7.925872585853799990e+01 1.000000000000000000e+00 0.000000000000000000e+00
1.352421570403961759e+01 5.627247203789543164e+02 4.440792154685168924e+01 0.000000000000000000e+00 0.000000000000000000e+00
3.000000000000000000e+01 8.859074689240784437e+02 5.568280576427725492e+01 1.000000000000000000e+00 0.000000000000000000e+00
4.544751028644922641e+00 2.944183161621763247e+02 2.371290479277517704e+01 0.000000000000000000e+00 1.000000000000000000e+00
2.296001861479098594e+01 1.920215355191697029e+02 7.962138562861748881e+01 1.000000000000000000e+00 0.000000000000000000e+00
7.697835922264341768e+00 3.827915024567406590e+02 6.450291349806803964e+01 0.000000000000000000e+00 0.000000000000000000e+00
1.898059771831672293e+01 5.007438742481567715e+02 6.775736908251201385e+01 1.000000000000000000e+00 0.000000000000000000e+00
1.300156601520454203e+00 9.767980391650618230e+02 8.371493259097971418e+01 1.000000000000000000e+00 1.000000000000000000e+00
1.426238814227660967e+01 4.730307991753678607e+02 5.476266762548225131e+01 1.000000000000000000e+00 0.000000000000000000e+00
3.019759653850733194e+00 4.590711984508452304e+01 1.352853900441487411e+01 1.000000000000000000e+00 1.000000000000000000e+00
8.585617110613180003e+00 7.626105892943085109e+02 4.374572705939940676e+01 0.000000000000000000e+00 1.000000000000000000e+00
1.874671107834857864e+01 4.810125793124916527e+02 9.542957738081364027e+01 1.000000000000000000e+00 0.000000000000000000e+00
2.498604825693940157e+01 7.045071657746102574e+02 8.074748854298353251e+01 0.000000000000000000e+00 1.000000000000000000e+00
3.452425012649451119e+00 2.652402079402504143e+01 6.469722377660471579e+01 0.000000000000000000e+00 1.000000000000000000e+00
1.970383127079460905e+01 2.772662114806557270e+02 8.572171197157946665e+01 0.000000000000000000e+00 0.000000000000000000e+00
2.241700275326212832e+01 5.804098449351063209e+02 3.079295315758242424e+01 0.000000000000000000e+00 0.000000000000000000e+00
2.317765730358547671e+01 2.992435833381878183e+02 1.984781622968336023e+01 0.000000000000000000e+00 1.000000000000000000e+00
1.931585040933235575e+01 8.532455664902597618e+02 1.633926571431734232e+01 0.000000000000000000e+00 0.000000000000000000e+00
1.187062760960149355e+01 8.686590786819023151e+02 2.452540762704995814e+01 1.000000000000000000e+00 1.000000000000000000e+00
1.504149698595339224e+01 6.307997419346147581e+02 2.551718581937456776e+01 1.000000000000000000e+00 1.000000000000000000e+00
2.913650138839217263e+01 7.795507691720787307e+02 8.342759555374415470e+01 1.000000000000000000e+00 1.000000000000000000e+00
1.261164127035685212e+01 6.589370615440682286e+02 4.907449240590431572e+01 0.000000000000000000e+00 0.000000000000000000e+00
9.139441814771751993e+00 2.422442953472117608e+02 6.368224539588861433e+01 1.000000000000000000e+00 0.000000000000000000e+00
6.420130295460292125e+00 6.674873358976802820e+02 7.664155318333916966e+01 1.000000000000000000e+00 0.000000000000000000e+00
5.137310346596940747e+00 5.938925375989339983e+01 3.407104277360446787e+01 1.000000000000000000e+00 1.000000000000000000e+00
2.443424894563450778e+01 7.430575931273031074e+02 9.557855562126913185e+01 0.000000000000000000e+00 1.000000000000000000e+00
2.958190027218247664e+01 5.449073975682688342e+02 1.759592503499963101e+01 0.000000000000000000e+00 0.000000000000000000e+00
5.233879938734854242e+00 1.567561746889521714e+02 7.282671347960075536e+01 0.000000000000000000e+00 0.000000000000000000e+00
1.302264055951721389e+01 4.612783531845694824e+02 7.773575695287532028e+01 0.000000000000000000e+00 1.000000000000000000e+00
9.715164538158518326e+00 1.853267524775925779e+01 7.074239261711181825e+01 1.000000000000000000e+00 1.000000000000000000e+00
1.269423400706628513e+01 9.420191297148654996e+01 2.573855581250452573e+01 1.000000000000000000e+00 1.000000000000000000e+00
1.136446004791559083e+01 8.349813253209798631e+02 3.398045206636073345e+01 0.000000000000000000e+00 0.000000000000000000e+00
4.455742422493123911e+00 8.734926194046184946e+02 4.981004235869531271e+01 0.000000000000000000e+00 0.000000000000000000e+00
8.671267033383157852e+00 2.802740291690163303e+02 9.721184512704206782e+01 1.000000000000000000e+00 0.000000000000000000e+00
6.681738728774394787e+00 7.063159996523768314e+02 6.569266359064027938e+01 1.000000000000000000e+00 1.000000000000000000e+00
1.516462523897966896e+01 8.875476207660565251e+02 6.852417736864299513e+01 0.000000000000000000e+00 0.000000000000000000e+00
2.342790026066600362e+01 7.647736652479762824e+02 7.405639801395408028e+01 0.000000000000000000e+00 1.000000000000000000e+00
7.800034777872550507e+00 3.058244039478149148e+02 5.122070925167535904e+01 1.000000000000000000e+00 1.000000000000000000e+00
2.036307036576291551e+01 9.475315121769932603e+02 3.776509324482144336e+01 1.000000000000000000e+00 1.000000000000000000e+00
1.939028503589934260e+01 9.588325157432878996e+02 3.608185953740235163e+01 0.000000000000000000e+00 1.000000000000000000e+00
1.112445536897486065e+01 7.724793287945168458e+02 1.090463214395019875e+01 1.000000000000000000e+00 1.000000000000000000e+00
1.852597210956090734e+01 1.750489771638106049e+02 4.450458662067283200e+01 1.000000000000000000e+00 0.000000000000000000e+00
7.364187386476551467e+00 1.000000000000000000e+03 2.096255655437077081e+01 1.000000000000000000e+00 1.000000000000000000e+00
2.399947517310029355e+01 6.861199519827672475e+02 7.336791688793402955e+01 1.000000000000000000e+00 1.000000000000000000e+00
2.525164833760242189e+01 5.165815656711392876e+02 9.672504834893459247e+01 0.000000000000000000e+00 1.000000000000000000e+00
2.744788802523772020e+01 6.645140724993224239e+02 5.272160933830757301e+01 1.000000000000000000e+00 1.000000000000000000e+00
2.857518887302783028e+01 3.293607683922224396e+02 1.033725813346321409e+01 1.000000000000000000e+00 1.000000000000000000e+00
2.844652089206762824e+01 1.498767059020289310e+02 6.614972432190012341e+01 1.000000000000000000e+00 0.000000000000000000e+00
6.346373362881601032e+00 1.247342917511314369e+02 6.408979680426645587e+01 0.000000000000000000e+00 0.000000000000000000e+00
2.275641780122342084e+00 1.047629776202501404e+02 7.818125225904810804e+01 1.000000000000000000e+00 0.000000000000000000e+00
1.109854742816856898e+01 6.950966212742317794e+02 5.609977946673385674e+01 1.000000000000000000e+00 0.000000000000000000e+00
1.365583888634637333e+01 2.097701683041881324e+02 9.693555870654202522e+01 1.000000000000000000e+00 1.000000000000000000e+00
1.359936925235675709e+01 9.385702959674529211e+02 8.671431251686738051e+01 1.000000000000000000e+00 0.000000000000000000e+00
2.429327768337389415e+01 5.936058115081509641e+02 6.043113982089556657e+01 0.000000000000000000e+00 0.000000000000000000e+00
2.873712705865828276e+00 5.432667467334617868e+02 3.803047613350379663e+01 1.000000000000000000e+00 0.000000000000000000e+00
2.590753330615800110e+01 1.686592900250404057e+02 6.078369502184046524e+01 0.000000000000000000e+00 1.000000000000000000e+00
1.722107160278439508e+01 9.451956369221206842e+02 1.186164582748814489e+01 1.000000000000000000e+00 0.000000000000000000e+00
1.333010288830851309e+01 9.447878071574940577e+02 2.602684416306890469e+01 0.000000000000000000e+00 0.000000000000000000e+00
6.111027969367160750e+00 9.957481262232519157e+02 4.211307756169046002e+01 1.000000000000000000e+00 1.000000000000000000e+00
