7.840900000000000000e+05 1.376280000000000000e+05 2.517450776427974779e+04
5.009941666666666861e+05 4.029927500000000146e+04 3.472922282861279249e+08
5.009941666666666861e+05 4.029927500000000146e+04 3.472922282861279249e+08
5.009941666666666861e+05 4.029927500000000146e+04 3.472922282861279249e+08
5.009941666666666861e+05 4.029927500000000146e+04 3.472922282861279249e+08
5.009941666666666861e+05 4.029927500000000146e+04 3.472922282861279249e+08
5.009800000000000000e+05 4.026521666666666715e+04 3.527937870687141418e+08
6.828283333333333721e+05 9.673704166666667152e+04 1.116455477244824171e+06
6.828283333333333721e+05 9.673704166666667152e+04 1.116455477244824171e+06
5.013558333333333139e+05 4.046089166666666279e+04 3.140444861361570954e+08
6.946458333333333721e+05 1.020487083333333285e+05 7.670535968243639218e+05
6.828283333333333721e+05 9.673704166666667152e+04 1.116455477244824171e+06
5.013591666666666861e+05 4.047568333333333430e+04 3.113410012364230752e+08
6.946458333333333721e+05 1.020487083333333285e+05 7.670535968243639218e+05
6.734108333333333721e+05 9.243920833333332848e+04 1.704722305903686676e+06
5.013416666666666861e+05 4.047466666666666424e+04 3.117961969765170217e+08
6.734108333333333721e+05 9.243920833333332848e+04 1.704722305903686676e+06
5.011733333333333139e+05 4.041048333333332994e+04 3.238293567662022114e+08
5.011733333333333139e+05 4.041048333333332994e+04 3.238293567662022114e+08
