OBJID : 1
OBJName : runoff
FileName : SIT0713.SIT
ColSpan : [52, 62]
RowRanges :
    - [26400, 102925, 714]
Metric : R2
Data : 
9.799999999999999822e-01
1.000000000000000000e+00
9.799999999999999822e-01
8.299999999999999600e-01
1.360000000000000098e+00
3.009999999999999787e+00
5.690000000000000391e+00
4.450000000000000178e+00
3.549999999999999822e+00
2.200000000000000178e+00
2.060000000000000053e+00
2.140000000000000124e+00
2.270000000000000018e+00
2.000000000000000000e+00
1.679999999999999938e+00
1.000000000000000000e+00
9.000000000000000222e-01
1.330000000000000071e+00
1.000000000000000000e+00
9.649999999999999689e-01
1.860000000000000098e+00
1.840000000000000080e+00
1.479999999999999982e+00
1.810000000000000053e+00
1.459999999999999964e+00
1.580000000000000071e+00
1.540000000000000036e+00
1.229999999999999982e+00
1.000000000000000000e+00
1.219999999999999973e+00
2.120000000000000107e+00
3.379999999999999893e+00
4.370000000000000107e+00
3.270000000000000018e+00
3.080000000000000071e+00
2.529999999999999805e+00
1.939999999999999947e+00
1.699999999999999956e+00
1.699999999999999956e+00
1.439999999999999947e+00
1.199999999999999956e+00
1.179999999999999938e+00
4.049999999999999822e+00
8.199999999999999289e+00
4.209999999999999964e+00
3.450000000000000178e+00
3.149999999999999911e+00
2.700000000000000178e+00
1.979999999999999982e+00
1.449999999999999956e+00
1.520000000000000018e+00
1.080000000000000071e+00
8.950000000000000178e-01
8.599999999999999867e-01
1.070000000000000062e+00
1.340000000000000080e+00
1.830000000000000071e+00
1.939999999999999947e+00
1.659999999999999920e+00
1.250000000000000000e+00
1.189999999999999947e+00
1.110000000000000098e+00
1.129999999999999893e+00
9.909999999999999920e-01
9.120000000000000329e-01
5.250000000000000222e-01
2.100000000000000089e+00
2.270000000000000018e+00
2.790000000000000036e+00
2.520000000000000018e+00
2.470000000000000195e+00
1.629999999999999893e+00
1.590000000000000080e+00
1.540000000000000036e+00
1.189999999999999947e+00
9.539999999999999591e-01
8.579999999999999849e-01
7.269999999999999796e-01
6.740000000000000435e-01
1.139999999999999902e+00
8.719999999999999973e-01
1.149999999999999911e+00
9.719999999999999751e-01
9.899999999999999911e-01
1.000000000000000000e+00
1.020000000000000018e+00
1.139999999999999902e+00
7.790000000000000258e-01
5.679999999999999494e-01
4.349999999999999978e-01
5.419999999999999929e+00
8.449999999999999289e+00
5.940000000000000391e+00
3.910000000000000142e+00
2.939999999999999947e+00
2.560000000000000053e+00
2.350000000000000089e+00
1.629999999999999893e+00
1.469999999999999973e+00
1.330000000000000071e+00
1.270000000000000018e+00
1.340000000000000080e+00
1.180000000000000071e+01
6.169999999999999929e+00
8.179999999999999716e+00
6.339999999999999858e+00
4.299999999999999822e+00
2.700000000000000178e+00