3.750
2.150
3.460
3.260
1.990
2.200
2.540
5.370
7.040
5.430
5.450
4.940
6.070
5.540
4.390
4.200
3.460
1.700
4.470
1.150
5.520
4.850
5.320
5.720
5.080
5.240
4.570
3.440
2.470
1.630
2.660
4.120
5.160
4.610
4.960
5.200
5.240
5.840
4.750
3.710
3.120
3.350
3.650
5.220
7.150
6.080
6.340
6.300
6.310
5.760
5.360
4.770
3.920
3.950
3.880
3.970
5.440
5.690
4.130
5.111
6.140
4.050
4.630
3.240
4.390
4.100
2.950
6.000
5.680
4.840
4.920
4.570
5.080
5.450
4.420
4.410
2.640
4.880
2.370
5.500
3.000
3.330
4.230
3.800
4.660
4.630
5.750
3.290
3.400
2.900
3.610
7.880
7.940
6.870
7.200
5.770
6.030
6.170
5.880
4.620
4.010
3.150
2.510
6.720
4.400
6.130
6.830
6.110