0.10 
0.10 
0.09 
0.09 
0.09 
0.09 
0.09 
0.09 
0.09 
0.09 
0.09 
0.09 
0.10 
0.10 
0.10 
0.10 
0.10 
0.10 
0.10 
0.10 
0.10 
0.10 
0.10 
0.10 
0.09 
0.09 
0.09 
0.09 
0.09 
0.09 
0.09 
0.09 
0.09 
0.09 
0.09 
0.09 
0.09 
0.09 
0.09 
0.09 
0.09 
0.09 
0.10 
0.10 
0.10 
0.10 
0.10 
0.10 
0.10 
0.10 
0.10 
0.10 
0.10 
0.10 
0.10 
0.10 
0.09 
0.09 
0.09 
0.09 
0.09 
0.09 
0.09 
0.09 
0.09 
0.09 
0.09 
0.09 
0.08 
0.08 
0.08 
0.08 
0.08 
0.08 
0.08 
0.08 
0.08 
0.08 
0.08 
0.08 
0.08 
0.08 
0.08 
0.08 
0.08 
0.08 
0.08 
0.08 
0.07 
0.07 
0.07 
0.07 
0.07 
0.07 
0.09 
0.09 
0.08 
0.08 
0.07 
0.08 
0.08 
0.08 
0.08 
0.08 
0.08 
0.08 
0.08 
0.08 
0.08 
0.08 
0.08 
0.08 
0.08 
0.08 
0.08 
0.08 
0.08 
0.08 
0.08 
0.08 
0.08 
0.08 
0.08 
0.09 
0.10 
0.09 
0.09 
0.09 
0.11 
0.11 
0.10 
0.11 
0.13 
0.14 
0.15 
0.16 
0.15 
0.14 
0.14 
0.15 
0.15 
0.16 
0.16 
0.15 
0.17 
0.16 
0.17 
0.19 
0.19 
0.19 
0.22 
0.30 
0.30 
0.34 
0.37 
0.38 
0.40 
0.48 
0.46 
0.45 
0.42 
0.45 
0.55 
0.78 
0.97 
1.02 
1.03 
1.14 
0.98 
0.84 
0.94 
0.95 
0.90 
0.87 
0.87 
0.87 
0.87 
0.86 
0.90 
1.05 
1.30 
1.42 
1.50 
1.49 
1.57 
1.58 
1.59 
1.75 
2.23 
1.97 
1.95 
1.97 
2.06 
1.97 
1.99 
1.95 
1.90 
1.75 
1.25 
1.14 
1.16 
1.29 
1.52 
1.93 
2.21 
2.36 
1.90 
1.50 
1.31 
1.38 
1.51 
1.25 
1.02 
0.87 
0.86 
0.93 
1.08 
1.16 
1.19 
1.27 
1.31 
1.27 
1.28 
1.30 
1.40 
1.61 
1.80 
1.95 
2.10 
1.64 
1.41 
1.44 
1.54 
1.56 
1.53 
1.40 
1.23 
1.13 
1.03 
0.95 
0.84 
0.81 
0.78 
0.78 
0.72 
0.69 
0.76 
0.77 
0.74 
0.64 
0.62 
0.57 
0.52 
0.46 
0.45 
0.44 
0.42 
0.38 
0.33 
0.32 
0.30 
0.29 
0.29 
0.28 
0.28 
0.27 
0.26 
0.24 
0.23 
0.23 
0.23 
0.23 
0.24 
0.23 
0.23 
0.20 
0.20 
0.20 
0.20 
0.21 
0.20 
0.20 
0.20 
0.20 
0.20 
0.19 
0.18 
0.18 
0.18 
0.18 
0.17 
0.17 
0.16 
0.16 
0.16 
0.16 
0.16 
0.16 
0.17 
0.17 
0.17 
0.16 
0.15 
0.15 
0.15 
0.15 
0.15 
0.16 
0.15 
0.15 
0.15 
0.15 
0.15 
0.15 
0.14 
0.14 
0.14 
0.14 
0.14 
0.14 
0.14 
0.14 
0.14 
0.14 
0.14 
0.14 
0.14 
0.14 
0.14 
0.14 
0.14 
0.13 
0.13 
0.14 
0.14 
0.14 
0.13 
0.13 
0.13 
0.13 
0.13 
0.13 
0.13 
0.13 
0.13 
0.13 
0.13 
0.13 
0.13 
0.13 
0.13 
0.13 
0.13 
0.13 
0.13 
0.13 
0.12 
0.12 
0.12 
0.12 
0.12 
0.12 
0.12 
0.12 
0.12 
0.11 
0.11 
0.11 
0.11 
0.11 
0.11 
0.11 
0.11 
0.11 
0.11 
0.11 
0.11 
0.11 
0.11 
0.11 
0.10 
0.10 
0.10 
0.10 
0.09 
0.09 
0.09 
0.09 
0.09 
0.09 
0.09 
0.09 
0.09 
0.09 
0.09 
0.09 
0.08 
0.08 
0.09 
0.09 
0.09 
0.10 
0.10 
0.10 
0.10 
0.10 
0.10 
0.10 
0.10 
0.10 
0.10 
0.11 
0.11 
0.11 
0.11 
0.11 
0.10 
0.10 
0.10 
0.10 
0.10 
0.10 
0.10 
0.10 
0.09 
0.09 
0.09 
0.09 
0.09 
0.09 
0.09 
0.10 
0.10 
0.09 
0.09 
0.10 
0.10 
0.10 
0.10 
0.10 
0.10 
0.10 
0.10 
0.10 
0.10 
0.10 
0.10 
0.10 
0.10 
0.10 
0.10 
0.10 
0.10 
0.10 
0.10 
0.10 
0.10 
0.09 
0.09 
0.08 
0.08 
0.08 
0.08 
0.08 
0.08 
0.08 
0.07 
0.07 
0.07 
0.07 
0.09 
0.08 
0.08 
0.08 
0.08 
0.07 
0.07 
0.08 
0.08 
0.08 
0.08 
0.08 
0.08 
0.08 
0.08 
0.08 
0.08 
0.07 
0.07 
0.07 
0.07 
0.07 
0.07 
0.07 
0.07 
0.07 
0.07 
0.07 
0.07 
0.08 
0.09 
0.10 
0.10 
0.11 
0.11 
0.11 
0.10 
0.10 
0.10 
0.10 
0.11 
0.13 
0.17 
0.16 
0.15 
0.15 
0.21 
0.19 
0.19 
0.20 
0.22 
0.22 
0.23 
0.22 
0.27 
0.29 
0.31 
0.33 
0.32 
0.35 
0.36 
0.39 
0.46 
0.47 
0.39 
0.30 
0.26 
0.25 
0.25 
0.29 
0.41 
0.45 
0.50 
0.47 
0.46 
0.61 
0.21 
0.19 
0.19 
0.20 
0.22 
0.22 
0.23 
0.22 
0.27 
0.29 
0.31 
0.33 
0.32 
0.35 
0.36 
0.39 
0.46 
0.47 
0.39 
0.30 
0.26 
0.25 
0.25 
0.29 
0.41 
0.45 
0.50 
0.47 
0.46 
0.61 
0.88 
1.03 
1.03 
1.09 
1.30 
1.47 
1.33 
1.36 
1.52 
1.80 
2.10 
2.43 
2.49 
4.88 
3.17 
2.69 
1.90 
1.28 
0.99 
0.87 
0.86 
0.87 
0.87 
0.93 
1.15 
1.40 
1.60 
1.59 
1.67 
1.77 
1.72 
1.68 
1.58 
1.38 
1.24 
1.10 
0.90 
0.73 
0.64 
0.60 
0.55 
0.52 
0.46 
0.42 
0.39 
0.38 
0.36 
0.35 
0.35 
0.35 
0.35 
0.32 
0.31 
0.30 
0.28 
0.27 
0.27 
0.27 
0.25 
0.23 
0.22 
0.20 
0.21 
0.21 
0.19 
0.20 
0.19 
0.19 
0.19 
0.19 
0.19 
0.18 
0.18 
0.19 
0.19 
0.18 
0.18 
0.18 
0.17 
0.17 
0.17 
0.17 
0.17 
0.17 
0.17 
0.16 
0.15 
0.16 
0.16 
0.16 
0.15 
0.14 
0.16 
0.16 
0.14 
0.14 
0.14 
0.14 
0.15 
0.14 
0.14 
0.14 
0.14 
0.14 
0.14 
0.14 
0.14 
0.14 
0.14 
0.13 
0.13 
0.13 
0.13 
0.13 
0.13 
0.13 
0.13 
0.13 
0.13 
0.12 
0.12 
0.12 
0.12 
0.12 
0.12 
0.12 
0.12 
0.12 
0.12 
0.11 
0.11 
0.11 
0.11 
0.11 
0.11 
0.11 
0.11 
0.12 
0.12 
0.12 
0.12 
0.12 
0.12 
0.12 
0.12 
0.11 
0.11 
0.11 
0.11 
0.10 
0.10 
0.10 
0.10 
0.10 
0.10 
0.10 
0.10 
0.10 
0.10 
0.10 
0.10 
0.10 
0.10 
0.10 
0.09 
0.09 
0.10 
0.10 
0.10 
0.10 
0.10 
0.10 
0.10 
0.10 
0.10 
0.10 
0.10 
0.10 
0.10 
0.10 
0.10 
0.10 
0.10 
0.10 
0.10 
0.10 
0.10 
0.10 
0.10 
0.10 
0.10 
0.10 
0.10 
0.10 
0.10 
0.10 
0.10 
0.10 
0.10 
0.10 
0.10 
0.10 
0.10 
0.10 
0.10 
0.10 
0.10 
0.10 
0.10 
0.10 
0.09 
0.09 
0.09 
0.09 
0.09 
0.10 
0.10 
0.09 
0.09 
0.09 
0.10 
0.10 
0.10 
0.10 
0.09 
0.09 
0.09 
0.09 
0.09 
0.09 
0.09 
0.09 
0.09 
0.09 
0.10 
0.10 
0.10 
0.10 
0.10 
0.10 
0.10 
0.10 
0.10 
0.10 
0.10 
0.10 
0.09 
0.09 
0.09 
0.09 
0.09 
0.09 
0.09 
0.09 
0.09 
0.10 
0.09 
0.11 
0.10 
0.10 
0.09 
0.09 
0.09 
0.09 
0.09 
0.09 
0.09 
0.11 
0.10 
0.10 
0.09 
0.09 
0.09 
0.09 
0.09 
0.09 
0.10 
0.09 
0.09 
0.09 
0.09 
0.09 
0.09 
0.09 
0.10 
0.09 
0.09 
0.09 
0.09 
0.10 
0.09 
0.11 
0.11 
0.11 
0.11 
0.12 
0.13 
0.14 
0.17 
0.16 
0.17 
0.22 
0.21 
0.17 
0.16 
0.22 
0.23 
0.25 
0.36 
0.43 
0.33 
0.28 
0.34 
0.54 
0.48 
0.39 
0.36 
0.37 
0.32 
0.29 
0.31 
0.35 
0.35 
0.39 
0.46 
0.51 
0.51 
0.63 
0.68 
0.63 
0.64 
0.75 
0.85 
0.73 
0.65 
0.63 
0.70 
0.78 
0.89 
1.06 
1.10 
1.23 
1.24 
1.17 
1.06 
0.88 
0.91 
0.90 
0.85 
0.81 
0.94 
1.07 
1.09 
1.13 
1.40 
1.73 
1.92 
2.08 
2.34 
2.43 
2.30 
2.21 
2.14 
1.92 
1.84 
1.80 
1.95 
2.06 
2.16 
2.12 
1.86 
1.51 
1.29 
1.34 
1.46 
1.39 
1.17 
1.03 
0.90 
0.91 
0.91 
0.90 
0.97 
0.99 
0.98 
0.99 
0.88 
0.75 
0.76 
0.78 
0.76 
1.65 
0.87 
0.81 
0.74 
0.81 
0.85 
0.85 
0.84 
0.78 
0.74 
0.74 
0.78 
0.76 
0.71 
0.67 
0.61 
0.62 
0.67 
0.73 
0.73 
0.65 
0.56 
0.50 
0.46 
0.42 
0.39 
0.37 
0.36 
0.36 
0.35 
0.35 
0.35 
0.44 
0.31 
0.28 
0.26 
0.25 
0.24 
0.23 
0.22 
0.22 
0.23 
0.24 
0.21 
0.20 
0.20 
0.18 
0.18 
0.18 
0.18 
0.17 
0.17 
0.20 
0.19 
0.16 
0.16 
0.17 
0.18 
0.17 
0.17 
0.16 
0.16 
0.17 
0.17 
0.15 
0.15 
0.15 
0.15 
0.15 
0.15 
0.15 
0.15 
0.15 
0.15 
0.15 
0.15 
0.15 
0.14 
0.14 
0.14 
0.14 
0.14 
0.14 
0.14 
0.14 
0.14 
0.13 
0.13 
0.13 
0.13 
0.13 
0.13 
0.13 
0.13 
0.12 
0.12 
0.12 
0.12 
0.12 
0.12 
0.12 
0.12 
0.12 
0.12 
0.12 
0.12 
0.12 
0.12 
0.12 
0.12 
0.12 
0.12 
0.12 
0.12 
0.12 
0.12 
0.11 
0.11 
0.11 
0.10 
0.10 
0.10 
0.10 
0.10 
0.10 
0.10 
0.10 
0.10 

