188.9934289
390.9970238
493.9516129
403.9351852
233.0122461
281.0185185
321.0125448
940.1135006
2250
2040.023895
880.0154321
551.8219833
363.9859618
630.188378
788.1571087
449.845679
271.9907407
386.9984568
510.0059737
714.979092
802.8549383
486.8578256
466.8209877
535.020908
264.0008961
458.8293651
778.0764636
672.0679012
258.9979092
511.9598765
426.0005974
913.9784946
1040.123457
1569.967145
849.9228395
297.005675
359.9910394
586.1441799
1080.122461
755.0154321
564.1427718
618.8271605
644.0412186
813.172043
1339.891975
512.9928315
425.9259259
371.0050777
378.9575866
575.8101852
903.8978495
449.845679
256.9817802
690.9722222
962.8882915
1049.880526
1390.046296
1199.970131
881.9444444
487.9778973
390.9050179
466.155811
1139.86
819.8302469
492.8315412
565.9722222
458.8560335
648.1481481
1239.97
683.9904421
758.1018519
335.9841697
309.9985066
658.068783
984.1696535
979.9382716
491.3381123
662.808642
390.9050179
625
1579.86
632.0937873
569.8302469
489.0979689
297.9390681
531.9940476
773.9695341
1060.185185
551.8219833
834.1049383
872.1624851
1509.856631
1530.092593
613.0525687
503.8580247
443.9217443
321.8339307
481.9775132
874.0292712
643.904321
440.188172
467.9783951
670.1762246
667.9360812
2489.969136
934.8864994
967.9783951
908.004779
465.9498208
565.9323116
897.9241338
633.1018519
384.1845878
729.9382716
1500.149343
2410.020908
2930.169753
1180.182198
777.0061728
473.0436081
530.167264
787.037037
1120.071685
670.1388889
405.0925926
930.1697531
2380.15233
1780.167264
1760.030864
644.0412186
462.191358
607.8255675
446.9086022
751.0747354
695.9378734
601.8518519
536.1409797
420.9104938
757.9151732
679.8835125
1780.092593
1009.931302
662.037037
486.1111111
567.1296296
758.1018519
654.1218638
878.8580247
461.8428913
439.8148148
604.0919952
433.8410992
579.0895062
493.9516129
486.882716
563.0227001