9525.6
5572.8
8788.9536
7013.4336
7014.9888
17164.224
37461.1392
61939.728
64779.264
30964.032
29100.384
27401.5872
35714.9088
28719.36
19116.5184
10886.4
8071.488
5860.512
11586.24
2876.472
26612.5824
23131.008
20408.3712
26835.4944
19224.3456
21459.6864
18241.9776
10967.2704
6402.24
5154.4512
14616.8064
36095.1552
58447.5264
39073.6224
39597.4656
34100.352
26349.2352
25733.376
20930.4
13847.5008
9704.448
10246.176
38316.24
110947.968
78023.088
54369.792
51764.832
44089.92
32383.9296
21648.384
21117.5424
13352.9472
9093.7728
8805.024
10760.9472
13788.9216
25803.8784
28612.0512
17770.2336
17770.2336
18938.7072
11652.336
13561.0848
8322.49728
10377.53856
5579.28
16057.44
35303.04
41075.9424
31614.1056
31499.0208
19308.0672
20936.1024
21754.656
13633.4016
10904.90688
5871.19104
9195.79392
4140.40896
16251.84
6780.672
9926.064
10657.16352
9751.104
12078.72
12240.9792
16990.56
6643.06272
5005.6704
3269.808
50715.5904
172590.912
122248.0512
69625.5264
54867.456
38286.9504
36729.936
26068.0032
22404.2112
15926.8032
13200.2784
10940.832
76769.856
107470.5408
93291.264
100736.0064
76124.448
42760.224