SER_1 : ID of series data
OBJ_1 : ID of objective function
WGT_1 : Weight of series combination
RCH_33  : ID of subbasin to be included in the objective function
COL_1 : Column ID of variables in output.rch (e.g., 6 : FLOW_OUT, 47: TOT_N, 48:TOT_P )
FUNC_1     : Type of objective function (e.g., 1: NSE, 2: RMSE. 3:PCC, 4:Pbias, 5:KGE)

1461 2012 1 1 38.6000
1462 2012 1 2 16.2000
1463 2012 1 3 24.5000
1464 2012 1 4 26.9000
1465 2012 1 5 56.2000
1466 2012 1 6 82.1000
1467 2012 1 7 32.8000
1468 2012 1 8 20.5000
1469 2012 1 9 32.3000
1470 2012 1 10 28.9000
1471 2012 1 11 36.5000
1472 2012 1 12 23.5000
1473 2012 1 13 36.0000
1474 2012 1 14 52.3000
1475 2012 1 15 76.3000
1476 2012 1 16 61.5000
1477 2012 1 17 50.2000
1478 2012 1 18 48.0000
1479 2012 1 19 51.5000
1480 2012 1 20 44.3000
1481 2012 1 21 66.5000
1482 2012 1 22 68.5000
1483 2012 1 23 87.8000
1484 2012 1 24 86.5000
1485 2012 1 25 79.8000
1486 2012 1 26 65.9000
1487 2012 1 27 74.2000
1488 2012 1 28 54.8000
1489 2012 1 29 61.2000
1490 2012 1 30 58.9000
1491 2012 1 31 56.4000
1492 2012 2 1 46.4000
1493 2012 2 2 54.1000
1494 2012 2 3 54.1000
1495 2012 2 4 46.5000
1496 2012 2 5 59.4000
1497 2012 2 6 63.4000
1498 2012 2 7 83.7000
1499 2012 2 8 73.0000
1500 2012 2 9 89.5000
1501 2012 2 10 89.8000
1502 2012 2 11 58.3000
1503 2012 2 12 60.2000
1504 2012 2 13 78.1000
1505 2012 2 14 59.6000
1506 2012 2 15 45.6000
1507 2012 2 16 43.0000
1508 2012 2 17 53.9000
1509 2012 2 18 75.7000
1510 2012 2 19 44.4000
1511 2012 2 20 54.4000
1512 2012 2 21 51.2000
1513 2012 2 22 60.5000
1514 2012 2 23 47.2000
1515 2012 2 24 90.9000
1516 2012 2 25 114.0000
1517 2012 2 26 81.5000
1518 2012 2 27 184.0000
1519 2012 2 28 346.0000
1520 2012 2 29 291.0000
1521 2012 3 1 225.0000
1522 2012 3 2 216.0000
1523 2012 3 3 190.0000
1524 2012 3 4 198.0000
1525 2012 3 5 278.0000
1526 2012 3 6 437.0000
1527 2012 3 7 410.0000
1528 2012 3 8 304.0000
1529 2012 3 9 269.0000
1530 2012 3 10 264.0000
1531 2012 3 11 207.0000
1532 2012 3 12 211.0000
1533 2012 3 13 207.0000
1534 2012 3 14 199.0000
1535 2012 3 15 151.0000
1536 2012 3 16 145.0000
1537 2012 3 17 88.8000
1538 2012 3 18 84.2000
1539 2012 3 19 71.6000
1540 2012 3 20 61.1000
1541 2012 3 21 91.7000
1542 2012 3 22 71.0000
1543 2012 3 23 55.2000
1544 2012 3 24 80.8000
1545 2012 3 25 70.6000
1546 2012 3 26 79.3000
1547 2012 3 27 35.6000
1548 2012 3 28 50.6000
1549 2012 3 29 51.7000
1550 2012 3 30 59.2000
1551 2012 3 31 52.8000
1552 2012 4 1 55.3000
1553 2012 4 2 71.2000
1554 2012 4 3 55.5000
1555 2012 4 4 44.9000
1556 2012 4 5 68.0000
1557 2012 4 6 70.4000
1558 2012 4 7 71.1000
1559 2012 4 8 131.0000
1560 2012 4 9 249.0000
1561 2012 4 10 170.0000
1562 2012 4 11 144.0000
1563 2012 4 12 142.0000
1564 2012 4 13 157.0000
1565 2012 4 14 148.0000
1566 2012 4 15 160.0000
1567 2012 4 16 215.0000
1568 2012 4 17 296.0000
1569 2012 4 18 277.0000
1570 2012 4 19 262.0000
1571 2012 4 20 238.0000
1572 2012 4 21 172.0000
1573 2012 4 22 127.0000
1574 2012 4 23 159.0000
1575 2012 4 24 167.0000
1576 2012 4 25 293.0000
1577 2012 4 26 234.0000
1578 2012 4 27 308.0000
1579 2012 4 28 278.0000
1580 2012 4 29 247.0000
1581 2012 4 30 190.0000
1582 2012 5 1 194.0000
1583 2012 5 2 389.0000
1584 2012 5 3 312.0000
1585 2012 5 4 240.0000
1586 2012 5 5 209.0000
1587 2012 5 6 221.0000
1588 2012 5 7 204.0000
1589 2012 5 8 143.0000
1590 2012 5 9 172.0000
1591 2012 5 10 297.0000
1592 2012 5 11 317.0000
1593 2012 5 12 271.0000
1594 2012 5 13 290.0000
1595 2012 5 14 255.0000
1596 2012 5 15 230.0000
1597 2012 5 16 237.0000
1598 2012 5 17 243.0000
1599 2012 5 18 250.0000
1600 2012 5 19 260.0000
1601 2012 5 20 235.0000
1602 2012 5 21 193.0000
1603 2012 5 22 175.0000
1604 2012 5 23 158.0000
1605 2012 5 24 104.0000
1606 2012 5 25 112.0000
1607 2012 5 26 126.0000
1608 2012 5 27 192.0000
1609 2012 5 28 150.0000
1610 2012 5 29 148.0000
1611 2012 5 30 141.0000
1612 2012 5 31 157.0000
1613 2012 6 1 177.0000
1614 2012 6 2 169.0000
1615 2012 6 3 119.0000
1616 2012 6 4 89.1000
1617 2012 6 5 109.0000
1618 2012 6 6 112.0000
1619 2012 6 7 105.0000
1620 2012 6 8 84.1000
1621 2012 6 9 111.0000
1622 2012 6 10 170.0000
1623 2012 6 11 161.0000
1624 2012 6 12 149.0000
1625 2012 6 13 110.0000
1626 2012 6 14 91.1000
1627 2012 6 15 124.0000
1628 2012 6 16 143.0000
1629 2012 6 17 156.0000
1630 2012 6 18 130.0000
1631 2012 6 19 121.0000
1632 2012 6 20 135.0000
1633 2012 6 21 162.0000
1634 2012 6 22 342.0000
1635 2012 6 23 449.0000
1636 2012 6 24 725.0000
1637 2012 6 25 504.0000
1638 2012 6 26 385.0000
1639 2012 6 27 326.0000
1640 2012 6 28 264.0000
1641 2012 6 29 245.0000
1642 2012 6 30 222.0000
1643 2012 7 1 169.0000
1644 2012 7 2 151.0000
1645 2012 7 3 136.0000
1646 2012 7 4 140.0000
1647 2012 7 5 142.0000
1648 2012 7 6 127.0000
1649 2012 7 7 156.0000
1650 2012 7 8 141.0000
1651 2012 7 9 138.0000
1652 2012 7 10 92.0000
1653 2012 7 11 87.1000
1654 2012 7 12 78.1000
1655 2012 7 13 73.7000
1656 2012 7 14 74.5000
1657 2012 7 15 98.5000
1658 2012 7 16 105.0000
1659 2012 7 17 132.0000
1660 2012 7 18 98.5000
1661 2012 7 19 112.0000
1662 2012 7 20 97.3000
1663 2012 7 21 106.0000
1664 2012 7 22 104.0000
1665 2012 7 23 112.0000
1666 2012 7 24 138.0000
1667 2012 7 25 119.0000
1668 2012 7 26 132.0000
1669 2012 7 27 102.0000
1670 2012 7 28 103.0000
1671 2012 7 29 125.0000
1672 2012 7 30 117.0000
1673 2012 7 31 118.0000
1674 2012 8 1 63.8000
1675 2012 8 2 61.1000
1676 2012 8 3 100.0000
1677 2012 8 4 319.0000
1678 2012 8 5 299.0000
1679 2012 8 6 252.0000
1680 2012 8 7 203.0000
1681 2012 8 8 181.0000
1682 2012 8 9 152.0000
1683 2012 8 10 158.0000
1684 2012 8 11 146.0000
1685 2012 8 12 126.0000
1686 2012 8 13 126.0000
1687 2012 8 14 82.0000
1688 2012 8 15 104.0000
1689 2012 8 16 63.9000
1690 2012 8 17 69.4000
1691 2012 8 18 74.1000
1692 2012 8 19 97.8000
1693 2012 8 20 143.0000
1694 2012 8 21 168.0000
1695 2012 8 22 155.0000
1696 2012 8 23 146.0000
1697 2012 8 24 136.0000
1698 2012 8 25 98.2000
1699 2012 8 26 61.7000
1700 2012 8 27 72.1000
1701 2012 8 28 39.0000
1702 2012 8 29 66.9000
1703 2012 8 30 67.4000
1704 2012 8 31 64.8000
1705 2012 9 1 53.7000
1706 2012 9 2 58.4000
1707 2012 9 3 103.0000
1708 2012 9 4 101.0000
1709 2012 9 5 74.9000
1710 2012 9 6 63.6000
1711 2012 9 7 74.9000
1712 2012 9 8 52.0000
1713 2012 9 9 62.2000
1714 2012 9 10 70.7000
1715 2012 9 11 113.0000
1716 2012 9 12 127.0000
1717 2012 9 13 103.0000
1718 2012 9 14 93.8000
1719 2012 9 15 73.8000
1720 2012 9 16 41.5000
1721 2012 9 17 44.4000
1722 2012 9 18 46.3000
1723 2012 9 19 48.7000
1724 2012 9 20 47.9000
1725 2012 9 21 55.2000
1726 2012 9 22 57.7000
1727 2012 9 23 58.2000
1728 2012 9 24 112.0000
1729 2012 9 25 64.9000
1730 2012 9 26 48.9000
1731 2012 9 27 39.5000
1732 2012 9 28 23.0000
1733 2012 9 29 20.8000
1734 2012 9 30 23.7000
1735 2012 10 1 12.9000
1736 2012 10 2 27.5000
1737 2012 10 3 32.1000
1738 2012 10 4 46.7000
1739 2012 10 5 41.2000
1740 2012 10 6 51.7000
1741 2012 10 7 54.2000
1742 2012 10 8 55.4000
1743 2012 10 9 28.8000
1744 2012 10 10 23.0000
1745 2012 10 11 22.7000
1746 2012 10 12 16.2000
1747 2012 10 13 14.2000
1748 2012 10 14 20.2000
1749 2012 10 15 24.0000
1750 2012 10 16 25.1000
1751 2012 10 17 22.0000
1752 2012 10 18 25.4000
1753 2012 10 19 20.8000
1754 2012 10 20 29.2000
1755 2012 10 21 50.5000
1756 2012 10 22 25.7000
1757 2012 10 23 56.5000
1758 2012 10 24 54.4000
1759 2012 10 25 47.9000
1760 2012 10 26 58.0000
1761 2012 10 27 50.3000
1762 2012 10 28 42.6000
1763 2012 10 29 61.5000
1764 2012 10 30 172.0000
1765 2012 10 31 40.9000
1766 2012 11 1 66.5000
1767 2012 11 2 47.2000
1768 2012 11 3 36.6000
1769 2012 11 4 28.2000
1770 2012 11 5 20.4000
1771 2012 11 6 15.2000
1772 2012 11 7 25.5000
1773 2012 11 8 50.2000
1774 2012 11 9 50.3000
1775 2012 11 10 54.6000
1776 2012 11 11 80.3000
1777 2012 11 12 58.3000
1778 2012 11 13 62.8000
1779 2012 11 14 54.7000
1780 2012 11 15 45.8000
1781 2012 11 16 55.3000
1782 2012 11 17 55.1000
1783 2012 11 18 49.5000
1784 2012 11 19 42.0000
1785 2012 11 20 14.5000
1786 2012 11 21 25.2000
1787 2012 11 22 54.3000
1788 2012 11 23 44.4000
1789 2012 11 24 37.4000
1790 2012 11 25 104.0000
1791 2012 11 26 72.9000
1792 2012 11 27 135.0000
1793 2012 11 28 260.0000
1794 2012 11 29 249.0000
1795 2012 11 30 322.0000
1796 2012 12 1 338.0000
1797 2012 12 2 259.0000
1798 2012 12 3 211.0000
1799 2012 12 4 202.0000
1800 2012 12 5 124.0000
1801 2012 12 6 164.0000
1802 2012 12 7 111.0000
1803 2012 12 8 84.1000
1804 2012 12 9 78.6000
1805 2012 12 10 69.1000
1806 2012 12 11 90.2000
1807 2012 12 12 92.9000
1808 2012 12 13 77.7000
1809 2012 12 14 86.2000
1810 2012 12 15 90.7000
1811 2012 12 16 61.9000
1812 2012 12 17 76.9000
1813 2012 12 18 74.8000
1814 2012 12 19 66.9000
1815 2012 12 20 57.0000
1816 2012 12 21 56.6000
1817 2012 12 22 56.4000
1818 2012 12 23 51.8000
1819 2012 12 24 50.9000
1820 2012 12 25 49.5000
1821 2012 12 26 61.1000
1822 2012 12 27 83.7000
1823 2012 12 28 108.0000
1824 2012 12 29 136.0000
1825 2012 12 30 87.2000
1826 2012 12 31 62.3000
1827 2013 1 1 5.9100
1828 2013 1 2 8.3400
1829 2013 1 3 33.8000
1830 2013 1 4 31.5000
1831 2013 1 5 43.7000
1832 2013 1 6 47.0000
1833 2013 1 7 36.7000
1834 2013 1 8 42.0000
1835 2013 1 9 16.6000
1836 2013 1 10 16.1000
1837 2013 1 11 10.2000
1838 2013 1 12 13.2000
1839 2013 1 13 17.7000
1840 2013 1 14 18.3000
1841 2013 1 15 70.8000
1842 2013 1 16 62.1000
1843 2013 1 17 83.5000
1844 2013 1 18 50.2000
1845 2013 1 19 47.1000
1846 2013 1 20 62.4000
1847 2013 1 21 29.6000
1848 2013 1 22 23.1000
1849 2013 1 23 9.9700
1850 2013 1 24 11.8000
1851 2013 1 25 11.6000
1852 2013 1 26 25.4000
1853 2013 1 27 19.4000
1854 2013 1 28 20.1000
1855 2013 1 29 53.4000
1856 2013 1 30 57.2000
1857 2013 1 31 17.4000
1858 2013 2 1 27.7000
1859 2013 2 2 34.6000
1860 2013 2 3 36.3000
1861 2013 2 4 41.2000
1862 2013 2 5 57.9000
1863 2013 2 6 93.7000
1864 2013 2 7 92.9000
1865 2013 2 8 72.9000
1866 2013 2 9 77.2000
1867 2013 2 10 72.5000
1868 2013 2 11 45.1000
1869 2013 2 12 13.7000
1870 2013 2 13 8.8500
1871 2013 2 14 11.5000
1872 2013 2 15 42.5000
1873 2013 2 16 64.9000
1874 2013 2 17 93.9000
1875 2013 2 18 79.5000
1876 2013 2 19 68.0000
1877 2013 2 20 30.5000
1878 2013 2 21 17.5000
1879 2013 2 22 15.3000
1880 2013 2 23 30.6000
1881 2013 2 24 40.7000
1882 2013 2 25 55.0000
1883 2013 2 26 45.5000
1884 2013 2 27 66.8000
1885 2013 2 28 80.8000
1886 2013 3 1 68.0000
1887 2013 3 2 70.7000
1888 2013 3 3 88.5000
1889 2013 3 4 45.1000
1890 2013 3 5 35.2000
1891 2013 3 6 43.4000
1892 2013 3 7 40.8000
1893 2013 3 8 39.0000
1894 2013 3 9 41.6000
1895 2013 3 10 43.0000
1896 2013 3 11 39.5000
1897 2013 3 12 47.8000
1898 2013 3 13 28.3000
1899 2013 3 14 18.1000
1900 2013 3 15 18.4000
1901 2013 3 16 10.1000
1902 2013 3 17 18.5000
1903 2013 3 18 42.0000
1904 2013 3 19 15.9000
1905 2013 3 20 66.8000
1906 2013 3 21 80.0000
1907 2013 3 22 52.7000
1908 2013 3 23 47.8000
1909 2013 3 24 64.7000
1910 2013 3 25 51.1000
1911 2013 3 26 99.7000
1912 2013 3 27 194.0000
1913 2013 3 28 176.0000
1914 2013 3 29 106.0000
1915 2013 3 30 140.0000
1916 2013 3 31 134.0000
1917 2013 4 1 132.0000
1918 2013 4 2 123.0000
1919 2013 4 3 141.0000
1920 2013 4 4 199.0000
1921 2013 4 5 269.0000
1922 2013 4 6 192.0000
1923 2013 4 7 61.4000
1924 2013 4 8 123.0000
1925 2013 4 9 121.0000
1926 2013 4 10 160.0000
1927 2013 4 11 178.0000
1928 2013 4 12 147.0000
1929 2013 4 13 122.0000
1930 2013 4 14 115.0000
1931 2013 4 15 78.8000
1932 2013 4 16 69.5000
1933 2013 4 17 82.4000
1934 2013 4 18 68.2000
1935 2013 4 19 96.3000
1936 2013 4 20 131.0000
1937 2013 4 21 97.4000
1938 2013 4 22 108.0000
1939 2013 4 23 117.0000
1940 2013 4 24 141.0000
1941 2013 4 25 200.0000
1942 2013 4 26 223.0000
1943 2013 4 27 265.0000
1944 2013 4 28 187.0000
1945 2013 4 29 179.0000
1946 2013 4 30 252.0000
1947 2013 5 1 223.0000
1948 2013 5 2 174.0000
1949 2013 5 3 207.0000
1950 2013 5 4 396.0000
1951 2013 5 5 335.0000
1952 2013 5 6 275.0000
1953 2013 5 7 246.0000
1954 2013 5 8 230.0000
1955 2013 5 9 251.0000
1956 2013 5 10 380.0000
1957 2013 5 11 334.0000
1958 2013 5 12 262.0000
1959 2013 5 13 253.0000
1960 2013 5 14 229.0000
1961 2013 5 15 277.0000
1962 2013 5 16 866.0000
1963 2013 5 17 387.0000
1964 2013 5 18 310.0000
1965 2013 5 19 815.0000
1966 2013 5 20 904.0000
1967 2013 5 21 1050.0000
1968 2013 5 22 661.0000
1969 2013 5 23 434.0000
1970 2013 5 24 361.0000
1971 2013 5 25 396.0000
1972 2013 5 26 424.0000
1973 2013 5 27 376.0000
1974 2013 5 28 284.0000
1975 2013 5 29 267.0000
1976 2013 5 30 262.0000
1977 2013 5 31 261.0000
1978 2013 6 1 248.0000
1979 2013 6 2 238.0000
1980 2013 6 3 232.0000
1981 2013 6 4 270.0000
1982 2013 6 5 385.0000
1983 2013 6 6 312.0000
1984 2013 6 7 311.0000
1985 2013 6 8 282.0000
1986 2013 6 9 346.0000
1987 2013 6 10 407.0000
1988 2013 6 11 396.0000
1989 2013 6 12 362.0000
1990 2013 6 13 299.0000
1991 2013 6 14 286.0000
1992 2013 6 15 299.0000
1993 2013 6 16 285.0000
1994 2013 6 17 244.0000
1995 2013 6 18 230.0000
1996 2013 6 19 220.0000
1997 2013 6 20 235.0000
1998 2013 6 21 220.0000
1999 2013 6 22 250.0000
2000 2013 6 23 231.0000
2001 2013 6 24 289.0000
2002 2013 6 25 250.0000
2003 2013 6 26 255.0000
2004 2013 6 27 224.0000
2005 2013 6 28 184.0000
2006 2013 6 29 161.0000
2007 2013 6 30 126.0000
2008 2013 7 1 136.0000
2009 2013 7 2 103.0000
2010 2013 7 3 132.0000
2011 2013 7 4 109.0000
2012 2013 7 5 124.0000
2013 2013 7 6 102.0000
2014 2013 7 7 90.4000
2015 2013 7 8 104.0000
2016 2013 7 9 109.0000
2017 2013 7 10 102.0000
2018 2013 7 11 115.0000
2019 2013 7 12 170.0000
2020 2013 7 13 190.0000
2021 2013 7 14 461.0000
2022 2013 7 15 343.0000
2023 2013 7 16 315.0000
2024 2013 7 17 359.0000
2025 2013 7 18 290.0000
2026 2013 7 19 257.0000
2027 2013 7 20 317.0000
2028 2013 7 21 277.0000
2029 2013 7 22 262.0000
2030 2013 7 23 227.0000
2031 2013 7 24 205.0000
2032 2013 7 25 211.0000
2033 2013 7 26 204.0000
2034 2013 7 27 185.0000
2035 2013 7 28 178.0000
2036 2013 7 29 153.0000
2037 2013 7 30 133.0000
2038 2013 7 31 106.0000
2039 2013 8 1 104.0000
2040 2013 8 2 139.0000
2041 2013 8 3 112.0000
2042 2013 8 4 98.0000
2043 2013 8 5 82.6000
2044 2013 8 6 87.3000
2045 2013 8 7 87.0000
2046 2013 8 8 69.7000
2047 2013 8 9 68.3000
2048 2013 8 10 163.0000
2049 2013 8 11 156.0000
2050 2013 8 12 135.0000
2051 2013 8 13 166.0000
2052 2013 8 14 169.0000
2053 2013 8 15 125.0000
2054 2013 8 16 176.0000
2055 2013 8 17 289.0000
2056 2013 8 18 201.0000
2057 2013 8 19 169.0000
2058 2013 8 20 288.0000
2059 2013 8 21 280.0000
2060 2013 8 22 238.0000
2061 2013 8 23 159.0000
2062 2013 8 24 135.0000
2063 2013 8 25 149.0000
2064 2013 8 26 141.0000
2065 2013 8 27 110.0000
2066 2013 8 28 105.0000
2067 2013 8 29 164.0000
2068 2013 8 30 267.0000
2069 2013 8 31 231.0000
2070 2013 9 1 205.0000
2071 2013 9 2 185.0000
2072 2013 9 3 167.0000
2073 2013 9 4 145.0000
2074 2013 9 5 126.0000
2075 2013 9 6 111.0000
2076 2013 9 7 97.8000
2077 2013 9 8 81.1000
2078 2013 9 9 64.0000
2079 2013 9 10 65.1000
2080 2013 9 11 65.7000
2081 2013 9 12 61.9000
2082 2013 9 13 156.0000
2083 2013 9 14 137.0000
2084 2013 9 15 133.0000
2085 2013 9 16 115.0000
2086 2013 9 17 99.9000
2087 2013 9 18 46.0000
2088 2013 9 19 67.2000
2089 2013 9 20 109.0000
2090 2013 9 21 156.0000
2091 2013 9 22 170.0000
2092 2013 9 23 211.0000
2093 2013 9 24 92.4000
2094 2013 9 25 98.5000
2095 2013 9 26 89.7000
2096 2013 9 27 75.3000
2097 2013 9 28 46.2000
2098 2013 9 29 47.2000
2099 2013 9 30 56.5000
2100 2013 10 1 60.9000
2101 2013 10 2 70.9000
2102 2013 10 3 72.7000
2103 2013 10 4 65.3000
2104 2013 10 5 71.9000
2105 2013 10 6 83.7000
2106 2013 10 7 98.6000
2107 2013 10 8 98.5000
2108 2013 10 9 90.4000
2109 2013 10 10 90.7000
2110 2013 10 11 79.2000
2111 2013 10 12 72.8000
2112 2013 10 13 66.4000
2113 2013 10 14 71.9000
2114 2013 10 15 71.0000
2115 2013 10 16 73.3000
2116 2013 10 17 57.4000
2117 2013 10 18 59.4000
2118 2013 10 19 47.0000
2119 2013 10 20 56.0000
2120 2013 10 21 78.7000
2121 2013 10 22 86.3000
2122 2013 10 23 45.9000
2123 2013 10 24 33.9000
2124 2013 10 25 24.0000
2125 2013 10 26 42.9000
2126 2013 10 27 32.0000
2127 2013 10 28 56.0000
2128 2013 10 29 40.0000
2129 2013 10 30 54.0000
2130 2013 10 31 51.6000
2131 2013 11 1 61.0000
2132 2013 11 2 74.4000
2133 2013 11 3 80.8000
2134 2013 11 4 65.1000
2135 2013 11 5 36.3000
2136 2013 11 6 36.4000
2137 2013 11 7 28.8000
2138 2013 11 8 38.9000
2139 2013 11 9 28.0000
2140 2013 11 10 36.6000
2141 2013 11 11 36.9000
2142 2013 11 12 41.2000
2143 2013 11 13 45.7000
2144 2013 11 14 52.4000
2145 2013 11 15 55.0000
2146 2013 11 16 38.7000
2147 2013 11 17 31.8000
2148 2013 11 18 23.5000
2149 2013 11 19 78.7000
2150 2013 11 20 70.0000
2151 2013 11 21 72.4000
2152 2013 11 22 59.3000
2153 2013 11 23 34.4000
2154 2013 11 24 32.8000
2155 2013 11 25 36.0000
2156 2013 11 26 39.1000
2157 2013 11 27 30.8000
2158 2013 11 28 19.8000
2159 2013 11 29 17.4000
2160 2013 11 30 13.5000
2161 2013 12 1 10.3000
2162 2013 12 2 48.9000
2163 2013 12 3 61.4000
2164 2013 12 4 39.7000
2165 2013 12 5 60.9000
2166 2013 12 6 59.4000
2167 2013 12 7 9.8400
2168 2013 12 8 21.7000
2169 2013 12 9 27.0000
2170 2013 12 10 15.4000
2171 2013 12 11 16.7000
2172 2013 12 12 9.9900
2173 2013 12 13 90.7000
2174 2013 12 14 130.0000
2175 2013 12 15 210.0000
2176 2013 12 16 297.0000
2177 2013 12 17 293.0000
2178 2013 12 18 289.0000
2179 2013 12 19 199.0000
2180 2013 12 20 37.1000
2181 2013 12 21 73.3000
2182 2013 12 22 63.0000
2183 2013 12 23 74.3000
2184 2013 12 24 54.3000
2185 2013 12 25 74.3000
2186 2013 12 26 102.0000
2187 2013 12 27 92.2000
2188 2013 12 28 35.1000
2189 2013 12 29 34.2000
2190 2013 12 30 36.7000
2191 2013 12 31 30.7000
2192 2014 1 1 42.9000
2193 2014 1 2 28.8000
2194 2014 1 3 34.6000
2195 2014 1 4 29.6000
2196 2014 1 5 26.5000
2197 2014 1 6 23.0000
2198 2014 1 7 16.0000
2199 2014 1 8 35.8000
2200 2014 1 9 39.7000
2201 2014 1 10 38.7000
2202 2014 1 11 26.0000
2203 2014 1 12 17.3000
2204 2014 1 13 10.5000
2205 2014 1 14 31.8000
2206 2014 1 15 29.8000
2207 2014 1 16 46.1000
2208 2014 1 17 35.9000
2209 2014 1 18 42.0000
2210 2014 1 19 54.5000
2211 2014 1 20 51.3000
2212 2014 1 21 54.2000
2213 2014 1 22 51.0000
2214 2014 1 23 37.4000
2215 2014 1 24 58.6000
2216 2014 1 25 48.0000
2217 2014 1 26 31.8000
2218 2014 1 27 21.1000
2219 2014 1 28 29.2000
2220 2014 1 29 26.5000
2221 2014 1 30 23.3000
2222 2014 1 31 20.6000
2223 2014 2 1 19.6000
2224 2014 2 2 14.2000
2225 2014 2 3 19.4000
2226 2014 2 4 21.5000
2227 2014 2 5 28.3000
2228 2014 2 6 76.3000
2229 2014 2 7 66.3000
2230 2014 2 8 71.9000
2231 2014 2 9 137.0000
2232 2014 2 10 128.0000
2233 2014 2 11 74.9000
2234 2014 2 12 92.5000
2235 2014 2 13 36.4000
2236 2014 2 14 60.1000
2237 2014 2 15 64.3000
2238 2014 2 16 55.3000
2239 2014 2 17 49.0000
2240 2014 2 18 28.4000
2241 2014 2 19 40.6000
2242 2014 2 20 30.9000
2243 2014 2 21 12.9000
2244 2014 2 22 11.5000
2245 2014 2 23 15.5000
2246 2014 2 24 29.3000
2247 2014 2 25 29.0000
2248 2014 2 26 75.9000
2249 2014 2 27 74.4000
2250 2014 2 28 46.6000
2251 2014 3 1 65.0000
2252 2014 3 2 63.0000
2253 2014 3 3 39.1000
2254 2014 3 4 50.3000
2255 2014 3 5 34.9000
2256 2014 3 6 36.0000
2257 2014 3 7 47.6000
2258 2014 3 8 50.7000
2259 2014 3 9 61.9000
2260 2014 3 10 68.6000
2261 2014 3 11 148.0000
2262 2014 3 12 152.0000
2263 2014 3 13 146.0000
2264 2014 3 14 95.5000
2265 2014 3 15 86.2000
2266 2014 3 16 77.5000
2267 2014 3 17 103.0000
2268 2014 3 18 91.5000
2269 2014 3 19 100.0000
2270 2014 3 20 106.0000
2271 2014 3 21 97.0000
2272 2014 3 22 88.5000
2273 2014 3 23 82.0000
2274 2014 3 24 80.1000
2275 2014 3 25 44.0000
2276 2014 3 26 31.1000
2277 2014 3 27 28.5000
2278 2014 3 28 43.5000
2279 2014 3 29 64.6000
2280 2014 3 30 154.0000
2281 2014 3 31 173.0000
2282 2014 4 1 162.0000
2283 2014 4 2 129.0000
2284 2014 4 3 170.0000
2285 2014 4 4 108.0000
2286 2014 4 5 30.4000
2287 2014 4 6 66.6000
2288 2014 4 7 75.8000
2289 2014 4 8 67.2000
2290 2014 4 9 86.2000
2291 2014 4 10 64.0000
2292 2014 4 11 43.5000
2293 2014 4 12 30.0000
2294 2014 4 13 28.2000
2295 2014 4 14 23.0000
2296 2014 4 15 19.8000
2297 2014 4 16 14.1000
2298 2014 4 17 22.1000
2299 2014 4 18 32.5000
2300 2014 4 19 31.3000
2301 2014 4 20 74.7000
2302 2014 4 21 54.1000
2303 2014 4 22 43.7000
2304 2014 4 23 71.7000
2305 2014 4 24 66.5000
2306 2014 4 25 57.0000
2307 2014 4 26 96.7000
2308 2014 4 27 91.9000
2309 2014 4 28 84.3000
2310 2014 4 29 73.1000
2311 2014 4 30 97.4000
2312 2014 5 1 43.0000
2313 2014 5 2 43.0000
2314 2014 5 3 18.9000
2315 2014 5 4 37.3000
2316 2014 5 5 172.0000
2317 2014 5 6 206.0000
2318 2014 5 7 223.0000
2319 2014 5 8 273.0000
2320 2014 5 9 231.0000
2321 2014 5 10 160.0000
2322 2014 5 11 182.0000
2323 2014 5 12 170.0000
2324 2014 5 13 187.0000
2325 2014 5 14 184.0000
2326 2014 5 15 408.0000
2327 2014 5 16 433.0000
2328 2014 5 17 280.0000
2329 2014 5 18 313.0000
2330 2014 5 19 333.0000
2331 2014 5 20 325.0000
2332 2014 5 21 324.0000
2333 2014 5 22 1870.0000
2334 2014 5 23 668.0000
2335 2014 5 24 408.0000
2336 2014 5 25 301.0000
2337 2014 5 26 542.0000
2338 2014 5 27 333.0000
2339 2014 5 28 356.0000
2340 2014 5 29 289.0000
2341 2014 5 30 325.0000
2342 2014 5 31 254.0000
2343 2014 6 1 226.0000
2344 2014 6 2 212.0000
2345 2014 6 3 244.0000
2346 2014 6 4 232.0000
2347 2014 6 5 319.0000
2348 2014 6 6 284.0000
2349 2014 6 7 352.0000
2350 2014 6 8 306.0000
2351 2014 6 9 239.0000
2352 2014 6 10 214.0000
2353 2014 6 11 234.0000
2354 2014 6 12 217.0000
2355 2014 6 13 186.0000
2356 2014 6 14 159.0000
2357 2014 6 15 153.0000
2358 2014 6 16 153.0000
2359 2014 6 17 152.0000
2360 2014 6 18 172.0000
2361 2014 6 19 183.0000
2362 2014 6 20 162.0000
2363 2014 6 21 181.0000
2364 2014 6 22 185.0000
2365 2014 6 23 314.0000
2366 2014 6 24 322.0000
2367 2014 6 25 301.0000
2368 2014 6 26 278.0000
2369 2014 6 27 217.0000
2370 2014 6 28 182.0000
2371 2014 6 29 193.0000
2372 2014 6 30 166.0000
2373 2014 7 1 180.0000
2374 2014 7 2 189.0000
2375 2014 7 3 162.0000
2376 2014 7 4 164.0000
2377 2014 7 5 142.0000
2378 2014 7 6 197.0000
2379 2014 7 7 219.0000
2380 2014 7 8 179.0000
2381 2014 7 9 124.0000
2382 2014 7 10 102.0000
2383 2014 7 11 101.0000
2384 2014 7 12 95.8000
2385 2014 7 13 112.0000
2386 2014 7 14 134.0000
2387 2014 7 15 147.0000
2388 2014 7 16 116.0000
2389 2014 7 17 85.2000
2390 2014 7 18 83.6000
2391 2014 7 19 106.0000
2392 2014 7 20 102.0000
2393 2014 7 21 77.3000
2394 2014 7 22 78.9000
2395 2014 7 23 47.5000
2396 2014 7 24 227.0000
2397 2014 7 25 170.0000
2398 2014 7 26 118.0000
2399 2014 7 27 135.0000
2400 2014 7 28 122.0000
2401 2014 7 29 86.9000
2402 2014 7 30 96.1000
2403 2014 7 31 75.1000
2404 2014 8 1 74.6000
2405 2014 8 2 40.0000
2406 2014 8 3 62.9000
2407 2014 8 4 64.8000
2408 2014 8 5 77.6000
2409 2014 8 6 77.7000
2410 2014 8 7 66.9000
2411 2014 8 8 81.1000
2412 2014 8 9 74.1000
2413 2014 8 10 77.0000
2414 2014 8 11 88.8000
2415 2014 8 12 100.0000
2416 2014 8 13 213.0000
2417 2014 8 14 140.0000
2418 2014 8 15 135.0000
2419 2014 8 16 64.4000
2420 2014 8 17 85.0000
2421 2014 8 18 59.8000
2422 2014 8 19 148.0000
2423 2014 8 20 322.0000
2424 2014 8 21 251.0000
2425 2014 8 22 202.0000
2426 2014 8 23 178.0000
2427 2014 8 24 62.3000
2428 2014 8 25 84.6000
2429 2014 8 26 72.3000
2430 2014 8 27 81.3000
2431 2014 8 28 79.8000
2432 2014 8 29 78.3000
2433 2014 8 30 82.4000
2434 2014 8 31 63.4000
2435 2014 9 1 66.3000
2436 2014 9 2 84.1000
2437 2014 9 3 71.1000
2438 2014 9 4 60.5000
2439 2014 9 5 53.5000
2440 2014 9 6 54.1000
2441 2014 9 7 40.3000
2442 2014 9 8 45.4000
2443 2014 9 9 24.3000
2444 2014 9 10 77.5000
2445 2014 9 11 73.6000
2446 2014 9 12 56.5000
2447 2014 9 13 83.0000
2448 2014 9 14 61.0000
2449 2014 9 15 45.9000
2450 2014 9 16 46.1000
2451 2014 9 17 67.2000
2452 2014 9 18 83.4000
2453 2014 9 19 58.5000
2454 2014 9 20 62.2000
2455 2014 9 21 67.5000
2456 2014 9 22 45.2000
2457 2014 9 23 7.6600
2458 2014 9 24 34.9000
2459 2014 9 25 9.0100
2460 2014 9 26 36.9000
2461 2014 9 27 23.9000
2462 2014 9 28 24.7000
2463 2014 9 29 27.2000
2464 2014 9 30 27.7000
2465 2014 10 1 24.9000
2466 2014 10 2 27.4000
2467 2014 10 3 23.5000
2468 2014 10 4 26.4000
2469 2014 10 5 16.4000
2470 2014 10 6 26.9000
2471 2014 10 7 24.8000
2472 2014 10 8 36.0000
2473 2014 10 9 66.5000
2474 2014 10 10 49.2000
2475 2014 10 11 32.1000
2476 2014 10 12 18.6000
2477 2014 10 13 11.5000
2478 2014 10 14 20.1000
2479 2014 10 15 7.9400
2480 2014 10 16 13.7000
2481 2014 10 17 22.6000
2482 2014 10 18 20.8000
2483 2014 10 19 18.0000
2484 2014 10 20 14.7000
2485 2014 10 21 45.5000
2486 2014 10 22 46.1000
2487 2014 10 23 67.3000
2488 2014 10 24 52.6000
2489 2014 10 25 51.2000
2490 2014 10 26 31.6000
2491 2014 10 27 43.3000
2492 2014 10 28 50.4000
2493 2014 10 29 45.2000
2494 2014 10 30 28.5000
2495 2014 10 31 18.4000
2496 2014 11 1 26.7000
2497 2014 11 2 16.3000
2498 2014 11 3 24.0000
2499 2014 11 4 18.8000
2500 2014 11 5 11.6000
2501 2014 11 6 14.6000
2502 2014 11 7 44.0000
2503 2014 11 8 70.8000
2504 2014 11 9 68.6000
2505 2014 11 10 114.0000
2506 2014 11 11 68.0000
2507 2014 11 12 64.0000
2508 2014 11 13 71.2000
2509 2014 11 14 38.6000
2510 2014 11 15 74.3000
2511 2014 11 16 44.6000
2512 2014 11 17 45.1000
2513 2014 11 18 44.3000
2514 2014 11 19 3.9800
2515 2014 11 20 6.3400
2516 2014 11 21 50.9000
2517 2014 11 22 64.6000
2518 2014 11 23 51.8000
2519 2014 11 24 45.7000
2520 2014 11 25 38.5000
2521 2014 11 26 6.1800
2522 2014 11 27 6.6300
2523 2014 11 28 6.9800
2524 2014 11 29 4.6000
2525 2014 11 30 43.5000
2526 2014 12 1 31.7000
2527 2014 12 2 60.1000
2528 2014 12 3 53.8000
2529 2014 12 4 55.1000
2530 2014 12 5 46.3000
2531 2014 12 6 34.1000
2532 2014 12 7 26.6000
2533 2014 12 8 20.7000
2534 2014 12 9 10.2000
2535 2014 12 10 9.1600
2536 2014 12 11 17.4000
2537 2014 12 12 23.2000
2538 2014 12 13 13.8000
2539 2014 12 14 17.7000
2540 2014 12 15 12.6000
2541 2014 12 16 53.8000
2542 2014 12 17 51.0000
2543 2014 12 18 53.5000
2544 2014 12 19 66.9000
2545 2014 12 20 68.8000
2546 2014 12 21 57.1000
2547 2014 12 22 22.1000
2548 2014 12 23 19.4000
2549 2014 12 24 19.2000
2550 2014 12 25 18.6000
2551 2014 12 26 22.4000
2552 2014 12 27 17.8000
2553 2014 12 28 22.2000
2554 2014 12 29 21.1000
2555 2014 12 30 17.0000
2556 2014 12 31 18.8000
2557 2015 1 1 16.1000
2558 2015 1 2 12.1000
2559 2015 1 3 7.0700
2560 2015 1 4 21.3000
2561 2015 1 5 33.7000
2562 2015 1 6 36.5000
2563 2015 1 7 25.5000
2564 2015 1 8 11.3000
2565 2015 1 9 12.1000
2566 2015 1 10 6.7200
2567 2015 1 11 48.4000
2568 2015 1 12 64.7000
2569 2015 1 13 100.0000
2570 2015 1 14 110.0000
2571 2015 1 15 13.9000
2572 2015 1 16 45.1000
2573 2015 1 17 19.5000
2574 2015 1 18 17.9000
2575 2015 1 19 36.1000
2576 2015 1 20 12.2000
2577 2015 1 21 13.2000
2578 2015 1 22 9.1200
2579 2015 1 23 57.0000
2580 2015 1 24 46.1000
2581 2015 1 25 52.9000
2582 2015 1 26 40.6000
2583 2015 1 27 12.1000
2584 2015 1 28 15.5000
2585 2015 1 29 19.5000
2586 2015 1 30 20.3000
2587 2015 1 31 66.6000
2588 2015 2 1 67.8000
2589 2015 2 2 42.8000
2590 2015 2 3 8.7400
2591 2015 2 4 9.2300
2592 2015 2 5 20.2000
2593 2015 2 6 8.6300
2594 2015 2 7 28.3000
2595 2015 2 8 20.7000
2596 2015 2 9 60.0000
2597 2015 2 10 45.5000
2598 2015 2 11 41.1000
2599 2015 2 12 54.8000
2600 2015 2 13 49.0000
2601 2015 2 14 49.6000
2602 2015 2 15 47.2000
2603 2015 2 16 22.0000
2604 2015 2 17 23.4000
2605 2015 2 18 19.8000
2606 2015 2 19 25.5000
2607 2015 2 20 22.3000
2608 2015 2 21 29.4000
2609 2015 2 22 32.6000
2610 2015 2 23 43.3000
2611 2015 2 24 44.9000
2612 2015 2 25 53.8000
2613 2015 2 26 17.6000
2614 2015 2 27 42.4000
2615 2015 2 28 38.3000
2616 2015 3 1 18.9000
2617 2015 3 2 17.0000
2618 2015 3 3 47.8000
2619 2015 3 4 69.3000
2620 2015 3 5 57.0000
2621 2015 3 6 83.2000
2622 2015 3 7 76.2000
2623 2015 3 8 61.1000
2624 2015 3 9 51.8000
2625 2015 3 10 31.9000
2626 2015 3 11 24.5000
2627 2015 3 12 45.8000
2628 2015 3 13 31.9000
2629 2015 3 14 36.2000
2630 2015 3 15 16.6000
2631 2015 3 16 10.1000
2632 2015 3 17 40.8000
2633 2015 3 18 19.8000
2634 2015 3 19 17.1000
2635 2015 3 20 12.8000
2636 2015 3 21 10.7000
2637 2015 3 22 10.0000
2638 2015 3 23 39.1000
2639 2015 3 24 55.0000
2640 2015 3 25 53.7000
2641 2015 3 26 60.1000
2642 2015 3 27 57.1000
2643 2015 3 28 52.2000
2644 2015 3 29 47.8000
2645 2015 3 30 53.4000
2646 2015 3 31 51.2000
2647 2015 4 1 61.9000
2648 2015 4 2 57.3000
2649 2015 4 3 54.9000
2650 2015 4 4 47.3000
2651 2015 4 5 48.1000
2652 2015 4 6 39.7000
2653 2015 4 7 41.9000
2654 2015 4 8 45.1000
2655 2015 4 9 41.6000
2656 2015 4 10 33.5000
2657 2015 4 11 47.4000
2658 2015 4 12 5.9300
2659 2015 4 13 21.2000
2660 2015 4 14 22.2000
2661 2015 4 15 18.0000
2662 2015 4 16 9.0700
2663 2015 4 17 4.2000
2664 2015 4 18 4.8100
2665 2015 4 19 7.0500
2666 2015 4 20 147.0000
2667 2015 4 21 92.5000
2668 2015 4 22 69.2000
2669 2015 4 23 61.4000
2670 2015 4 24 39.4000
2671 2015 4 25 45.2000
2672 2015 4 26 41.0000
2673 2015 4 27 60.9000
2674 2015 4 28 54.1000
2675 2015 4 29 60.5000
2676 2015 4 30 85.6000
2677 2015 5 1 164.0000
2678 2015 5 2 130.0000
2679 2015 5 3 115.0000
2680 2015 5 4 174.0000
2681 2015 5 5 223.0000
2682 2015 5 6 253.0000
2683 2015 5 7 244.0000
2684 2015 5 8 186.0000
2685 2015 5 9 390.0000
2686 2015 5 10 302.0000
2687 2015 5 11 267.0000
2688 2015 5 12 233.0000
2689 2015 5 13 183.0000
2690 2015 5 14 155.0000
2691 2015 5 15 143.0000
2692 2015 5 16 164.0000
2693 2015 5 17 128.0000
2694 2015 5 18 160.0000
2695 2015 5 19 274.0000
2696 2015 5 20 419.0000
2697 2015 5 21 327.0000
2698 2015 5 22 223.0000
2699 2015 5 23 348.0000
2700 2015 5 24 302.0000
2701 2015 5 25 330.0000
2702 2015 5 26 965.0000
2703 2015 5 27 550.0000
2704 2015 5 28 323.0000
2705 2015 5 29 302.0000
2706 2015 5 30 367.0000
2707 2015 5 31 323.0000
2708 2015 6 1 398.0000
2709 2015 6 2 324.0000
2710 2015 6 3 254.0000
2711 2015 6 4 248.0000
2712 2015 6 5 216.0000
2713 2015 6 6 221.0000
2714 2015 6 7 196.0000
2715 2015 6 8 187.0000
2716 2015 6 9 173.0000
2717 2015 6 10 149.0000
2718 2015 6 11 166.0000
2719 2015 6 12 436.0000
2720 2015 6 13 335.0000
2721 2015 6 14 272.0000
2722 2015 6 15 242.0000
2723 2015 6 16 192.0000
2724 2015 6 17 163.0000
2725 2015 6 18 113.0000
2726 2015 6 19 95.5000
2727 2015 6 20 107.0000
2728 2015 6 21 98.4000
2729 2015 6 22 140.0000
2730 2015 6 23 128.0000
2731 2015 6 24 133.0000
2732 2015 6 25 153.0000
2733 2015 6 26 116.0000
2734 2015 6 27 83.7000
2735 2015 6 28 84.1000
2736 2015 6 29 85.2000
2737 2015 6 30 80.1000
2738 2015 7 1 77.2000
2739 2015 7 2 77.4000
2740 2015 7 3 80.1000
2741 2015 7 4 103.0000
2742 2015 7 5 173.0000
2743 2015 7 6 124.0000
2744 2015 7 7 160.0000
2745 2015 7 8 149.0000
2746 2015 7 9 105.0000
2747 2015 7 10 36.2000
2748 2015 7 11 53.2000
2749 2015 7 12 42.7000
2750 2015 7 13 43.7000
2751 2015 7 14 39.9000
2752 2015 7 15 30.8000
2753 2015 7 16 72.3000
2754 2015 7 17 42.3000
2755 2015 7 18 99.1000
2756 2015 7 19 87.4000
2757 2015 7 20 109.0000
2758 2015 7 21 433.0000
2759 2015 7 22 278.0000
2760 2015 7 23 400.0000
2761 2015 7 24 512.0000
2762 2015 7 25 396.0000
2763 2015 7 26 259.0000
2764 2015 7 27 305.0000
2765 2015 7 28 256.0000
2766 2015 7 29 205.0000
2767 2015 7 30 192.0000
2768 2015 7 31 126.0000
2769 2015 8 1 85.9000
2770 2015 8 2 55.5000
2771 2015 8 3 58.4000
2772 2015 8 4 109.0000
2773 2015 8 5 95.5000
2774 2015 8 6 124.0000
2775 2015 8 7 153.0000
2776 2015 8 8 167.0000
2777 2015 8 9 135.0000
2778 2015 8 10 98.8000
2779 2015 8 11 110.0000
2780 2015 8 12 112.0000
2781 2015 8 13 164.0000
2782 2015 8 14 265.0000
2783 2015 8 15 196.0000
2784 2015 8 16 213.0000
2785 2015 8 17 162.0000
2786 2015 8 18 156.0000
2787 2015 8 19 167.0000
2788 2015 8 20 172.0000
2789 2015 8 21 188.0000
2790 2015 8 22 163.0000
2791 2015 8 23 102.0000
2792 2015 8 24 93.5000
2793 2015 8 25 74.8000
2794 2015 8 26 101.0000
2795 2015 8 27 87.6000
2796 2015 8 28 138.0000
2797 2015 8 29 179.0000
2798 2015 8 30 66.0000
2799 2015 8 31 174.0000
2800 2015 9 1 258.0000
2801 2015 9 2 249.0000
2802 2015 9 3 275.0000
2803 2015 9 4 181.0000
2804 2015 9 5 143.0000
2805 2015 9 6 150.0000
2806 2015 9 7 130.0000
2807 2015 9 8 197.0000
2808 2015 9 9 42.9000
2809 2015 9 10 31.4000
2810 2015 9 11 95.5000
2811 2015 9 12 135.0000
2812 2015 9 13 88.3000
2813 2015 9 14 86.6000
2814 2015 9 15 64.1000
2815 2015 9 16 87.8000
2816 2015 9 17 61.0000
2817 2015 9 18 81.2000
2818 2015 9 19 118.0000
2819 2015 9 20 368.0000
2820 2015 9 21 207.0000
2821 2015 9 22 228.0000
2822 2015 9 23 158.0000
2823 2015 9 24 139.0000
2824 2015 9 25 100.0000
2825 2015 9 26 67.0000
2826 2015 9 27 122.0000
2827 2015 9 28 120.0000
2828 2015 9 29 208.0000
2829 2015 9 30 114.0000
2830 2015 10 1 129.0000
2831 2015 10 2 128.0000
2832 2015 10 3 196.0000
2833 2015 10 4 208.0000
2834 2015 10 5 160.0000
2835 2015 10 6 49.5000
2836 2015 10 7 101.0000
2837 2015 10 8 128.0000
2838 2015 10 9 119.0000
2839 2015 10 10 105.0000
2840 2015 10 11 106.0000
2841 2015 10 12 81.9000
2842 2015 10 13 68.6000
2843 2015 10 14 39.9000
2844 2015 10 15 38.7000
2845 2015 10 16 142.0000
2846 2015 10 17 104.0000
2847 2015 10 18 72.0000
2848 2015 10 19 34.8000
2849 2015 10 20 21.9000
2850 2015 10 21 20.0000
2851 2015 10 22 35.6000
2852 2015 10 23 48.9000
2853 2015 10 24 59.2000
2854 2015 10 25 64.9000
2855 2015 10 26 66.8000
2856 2015 10 27 90.4000
2857 2015 10 28 75.4000
2858 2015 10 29 80.6000
2859 2015 10 30 59.0000
2860 2015 10 31 33.3000
2861 2015 11 1 57.5000
2862 2015 11 2 64.3000
2863 2015 11 3 77.6000
2864 2015 11 4 70.6000
2865 2015 11 5 68.0000
2866 2015 11 6 67.0000
2867 2015 11 7 49.6000
2868 2015 11 8 56.2000
2869 2015 11 9 82.1000
2870 2015 11 10 104.0000
2871 2015 11 11 109.0000
2872 2015 11 12 93.0000
2873 2015 11 13 105.0000
2874 2015 11 14 55.3000
2875 2015 11 15 43.4000
2876 2015 11 16 45.6000
2877 2015 11 17 26.5000
2878 2015 11 18 17.4000
2879 2015 11 19 9.9900
2880 2015 11 20 78.0000
2881 2015 11 21 52.3000
2882 2015 11 22 72.7000
2883 2015 11 23 83.5000
2884 2015 11 24 82.8000
2885 2015 11 25 66.1000
2886 2015 11 26 55.6000
2887 2015 11 27 65.4000
2888 2015 11 28 49.2000
2889 2015 11 29 39.9000
2890 2015 11 30 29.9000
2891 2015 12 1 71.0000
2892 2015 12 2 42.1000
2893 2015 12 3 42.4000
2894 2015 12 4 32.4000
2895 2015 12 5 113.0000
2896 2015 12 6 90.3000
2897 2015 12 7 74.9000
2898 2015 12 8 95.6000
2899 2015 12 9 504.0000
2900 2015 12 10 405.0000
2901 2015 12 11 258.0000
2902 2015 12 12 173.0000
2903 2015 12 13 178.0000
2904 2015 12 14 167.0000
2905 2015 12 15 156.0000
2906 2015 12 16 126.0000
2907 2015 12 17 120.0000
2908 2015 12 18 120.0000
2909 2015 12 19 120.0000
2910 2015 12 20 84.8000
2911 2015 12 21 76.6000
2912 2015 12 22 56.4000
2913 2015 12 23 76.3000
2914 2015 12 24 52.0000
2915 2015 12 25 78.9000
2916 2015 12 26 126.0000
2917 2015 12 27 88.5000
2918 2015 12 28 116.0000
2919 2015 12 29 81.3000
2920 2015 12 30 72.7000
2921 2015 12 31 121.0000
2922 2016 1 1 96.6000
2923 2016 1 2 79.1000
2924 2016 1 3 57.1000
2925 2016 1 4 24.6000
2926 2016 1 5 267.0000
2927 2016 1 6 169.0000
2928 2016 1 7 179.0000
2929 2016 1 8 129.0000
2930 2016 1 9 65.3000
2931 2016 1 10 78.6000
2932 2016 1 11 48.1000
2933 2016 1 12 112.0000
2934 2016 1 13 87.5000
2935 2016 1 14 39.0000
2936 2016 1 15 39.8000
2937 2016 1 16 149.0000
2938 2016 1 17 98.3000
2939 2016 1 18 91.0000
2940 2016 1 19 144.0000
2941 2016 1 20 166.0000
2942 2016 1 21 211.0000
2943 2016 1 22 262.0000
2944 2016 1 23 255.0000
2945 2016 1 24 210.0000
2946 2016 1 25 184.0000
2947 2016 1 26 184.0000
2948 2016 1 27 445.0000
2949 2016 1 28 1460.0000
2950 2016 1 29 1070.0000
2951 2016 1 30 431.0000
2952 2016 1 31 398.0000
2953 2016 2 1 426.0000
2954 2016 2 2 339.0000
2955 2016 2 3 290.0000
2956 2016 2 4 246.0000
2957 2016 2 5 204.0000
2958 2016 2 6 184.0000
2959 2016 2 7 173.0000
2960 2016 2 8 149.0000
2961 2016 2 9 147.0000
2962 2016 2 10 160.0000
2963 2016 2 11 166.0000
2964 2016 2 12 179.0000
2965 2016 2 13 190.0000
2966 2016 2 14 148.0000
2967 2016 2 15 158.0000
2968 2016 2 16 116.0000
2969 2016 2 17 133.0000
2970 2016 2 18 140.0000
2971 2016 2 19 148.0000
2972 2016 2 20 152.0000
2973 2016 2 21 137.0000
2974 2016 2 22 134.0000
2975 2016 2 23 131.0000
2976 2016 2 24 106.0000
2977 2016 2 25 71.1000
2978 2016 2 26 53.0000
2979 2016 2 27 83.0000
2980 2016 2 28 62.2000
2981 2016 2 29 85.4000
2982 2016 3 1 41.2000
2983 2016 3 2 67.0000
2984 2016 3 3 80.0000
2985 2016 3 4 74.8000
2986 2016 3 5 82.2000
2987 2016 3 6 96.4000
2988 2016 3 7 104.0000
2989 2016 3 8 111.0000
2990 2016 3 9 185.0000
2991 2016 3 10 186.0000
2992 2016 3 11 139.0000
2993 2016 3 12 151.0000
2994 2016 3 13 256.0000
2995 2016 3 14 154.0000
2996 2016 3 15 157.0000
2997 2016 3 16 175.0000
2998 2016 3 17 241.0000
2999 2016 3 18 343.0000
3000 2016 3 19 448.0000
3001 2016 3 20 2000.0000
3002 2016 3 21 1130.0000
3003 2016 3 22 966.0000
3004 2016 3 23 1390.0000
3005 2016 3 24 592.0000
3006 2016 3 25 465.0000
3007 2016 3 26 367.0000
3008 2016 3 27 307.0000
3009 2016 3 28 281.0000
3010 2016 3 29 279.0000
3011 2016 3 30 308.0000
3012 2016 3 31 260.0000
3013 2016 4 1 249.0000
3014 2016 4 2 236.0000
3015 2016 4 3 276.0000
3016 2016 4 4 289.0000
3017 2016 4 5 261.0000
3018 2016 4 6 238.0000
3019 2016 4 7 223.0000
3020 2016 4 8 265.0000
3021 2016 4 9 281.0000
3022 2016 4 10 470.0000
3023 2016 4 11 325.0000
3024 2016 4 12 388.0000
3025 2016 4 13 740.0000
3026 2016 4 14 448.0000
3027 2016 4 15 774.0000
3028 2016 4 16 559.0000
3029 2016 4 17 1320.0000
3030 2016 4 18 1130.0000
3031 2016 4 19 554.0000
3032 2016 4 20 515.0000
3033 2016 4 21 408.0000
3034 2016 4 22 383.0000
3035 2016 4 23 354.0000
3036 2016 4 24 532.0000
3037 2016 4 25 508.0000
3038 2016 4 26 748.0000
3039 2016 4 27 592.0000
3040 2016 4 28 384.0000
3041 2016 4 29 311.0000
3042 2016 4 30 1680.0000
3043 2016 5 1 880.0000
3044 2016 5 2 538.0000
3045 2016 5 3 511.0000
3046 2016 5 4 418.0000
3047 2016 5 5 385.0000
3048 2016 5 6 389.0000
3049 2016 5 7 342.0000
3050 2016 5 8 339.0000
3051 2016 5 9 316.0000
3052 2016 5 10 417.0000
3053 2016 5 11 310.0000
3054 2016 5 12 294.0000
3055 2016 5 13 273.0000
3056 2016 5 14 273.0000
3057 2016 5 15 281.0000
3058 2016 5 16 236.0000
3059 2016 5 17 238.0000
3060 2016 5 18 269.0000
3061 2016 5 19 233.0000
3062 2016 5 20 336.0000
3063 2016 5 21 967.0000
3064 2016 5 22 448.0000
3065 2016 5 23 339.0000
3066 2016 5 24 270.0000
3067 2016 5 25 307.0000
3068 2016 5 26 258.0000
3069 2016 5 27 284.0000
3070 2016 5 28 285.0000
3071 2016 5 29 300.0000
3072 2016 5 30 286.0000
3073 2016 5 31 276.0000
3074 2016 6 1 235.0000
3075 2016 6 2 200.0000
3076 2016 6 3 269.0000
3077 2016 6 4 331.0000
3078 2016 6 5 361.0000
3079 2016 6 6 228.0000
3080 2016 6 7 246.0000
3081 2016 6 8 257.0000
3082 2016 6 9 251.0000
3083 2016 6 10 296.0000
3084 2016 6 11 259.0000
3085 2016 6 12 348.0000
3086 2016 6 13 337.0000
3087 2016 6 14 385.0000
3088 2016 6 15 413.0000
3089 2016 6 16 536.0000
3090 2016 6 17 587.0000
3091 2016 6 18 417.0000
3092 2016 6 19 303.0000
3093 2016 6 20 269.0000
3094 2016 6 21 239.0000
3095 2016 6 22 234.0000
3096 2016 6 23 248.0000
3097 2016 6 24 237.0000
3098 2016 6 25 203.0000
3099 2016 6 26 236.0000
3100 2016 6 27 205.0000
3101 2016 6 28 178.0000
3102 2016 6 29 214.0000
3103 2016 6 30 171.0000
3104 2016 7 1 170.0000
3105 2016 7 2 185.0000
3106 2016 7 3 128.0000
3107 2016 7 4 178.0000
3108 2016 7 5 161.0000
3109 2016 7 6 166.0000
3110 2016 7 7 166.0000
3111 2016 7 8 153.0000
3112 2016 7 9 200.0000
3113 2016 7 10 322.0000
3114 2016 7 11 464.0000
3115 2016 7 12 429.0000
3116 2016 7 13 359.0000
3117 2016 7 14 341.0000
3118 2016 7 15 289.0000
3119 2016 7 16 236.0000
3120 2016 7 17 226.0000
3121 2016 7 18 224.0000
3122 2016 7 19 243.0000
3123 2016 7 20 226.0000
3124 2016 7 21 211.0000
3125 2016 7 22 182.0000
3126 2016 7 23 150.0000
3127 2016 7 24 133.0000
3128 2016 7 25 73.3000
3129 2016 7 26 96.2000
3130 2016 7 27 116.0000
3131 2016 7 28 151.0000
3132 2016 7 29 101.0000
3133 2016 7 30 122.0000
3134 2016 7 31 179.0000
3135 2016 8 1 171.0000
3136 2016 8 2 178.0000
3137 2016 8 3 126.0000
3138 2016 8 4 125.0000
3139 2016 8 5 83.8000
3140 2016 8 6 102.0000
3141 2016 8 7 134.0000
3142 2016 8 8 132.0000
3143 2016 8 9 147.0000
3144 2016 8 10 153.0000
3145 2016 8 11 293.0000
3146 2016 8 12 331.0000
3147 2016 8 13 269.0000
3148 2016 8 14 168.0000
3149 2016 8 15 158.0000
3150 2016 8 16 157.0000
3151 2016 8 17 142.0000
3152 2016 8 18 144.0000
3153 2016 8 19 142.0000
3154 2016 8 20 164.0000
3155 2016 8 21 159.0000
3156 2016 8 22 132.0000
3157 2016 8 23 126.0000
3158 2016 8 24 150.0000
3159 2016 8 25 149.0000
3160 2016 8 26 246.0000
3161 2016 8 27 541.0000
3162 2016 8 28 309.0000
3163 2016 8 29 311.0000
3164 2016 8 30 209.0000
3165 2016 8 31 177.0000
3166 2016 9 1 200.0000
3167 2016 9 2 298.0000
3168 2016 9 3 370.0000
3169 2016 9 4 358.0000
3170 2016 9 5 272.0000
3171 2016 9 6 280.0000
3172 2016 9 7 248.0000
3173 2016 9 8 241.0000
3174 2016 9 9 224.0000
3175 2016 9 10 291.0000
3176 2016 9 11 235.0000
3177 2016 9 12 238.0000
3178 2016 9 13 211.0000
3179 2016 9 14 200.0000
3180 2016 9 15 120.0000
3181 2016 9 16 100.0000
3182 2016 9 17 70.1000
3183 2016 9 18 42.2000
3184 2016 9 19 67.2000
3185 2016 9 20 105.0000
3186 2016 9 21 74.4000
3187 2016 9 22 111.0000
3188 2016 9 23 89.5000
3189 2016 9 24 125.0000
3190 2016 9 25 142.0000
3191 2016 9 26 183.0000
3192 2016 9 27 215.0000
3193 2016 9 28 237.0000
3194 2016 9 29 150.0000
3195 2016 9 30 122.0000
3196 2016 10 1 118.0000
3197 2016 10 2 141.0000
3198 2016 10 3 150.0000
3199 2016 10 4 237.0000
3200 2016 10 5 175.0000
3201 2016 10 6 168.0000
3202 2016 10 7 98.5000
3203 2016 10 8 103.0000
3204 2016 10 9 89.5000
3205 2016 10 10 84.1000
3206 2016 10 11 103.0000
3207 2016 10 12 101.0000
3208 2016 10 13 98.2000
3209 2016 10 14 70.0000
3210 2016 10 15 94.6000
3211 2016 10 16 91.3000
3212 2016 10 17 130.0000
3213 2016 10 18 184.0000
3214 2016 10 19 211.0000
3215 2016 10 20 159.0000
3216 2016 10 21 534.0000
3217 2016 10 22 823.0000
3218 2016 10 23 325.0000
3219 2016 10 24 281.0000
3220 2016 10 25 244.0000
3221 2016 10 26 221.0000
3222 2016 10 27 197.0000
3223 2016 10 28 195.0000
3224 2016 10 29 199.0000
3225 2016 10 30 162.0000
3226 2016 10 31 163.0000
3227 2016 11 1 148.0000
3228 2016 11 2 123.0000
3229 2016 11 3 132.0000
3230 2016 11 4 89.5000
3231 2016 11 5 145.0000
3232 2016 11 6 104.0000
3233 2016 11 7 152.0000
3234 2016 11 8 123.0000
3235 2016 11 9 125.0000
3236 2016 11 10 162.0000
3237 2016 11 11 135.0000
3238 2016 11 12 107.0000
3239 2016 11 13 139.0000
3240 2016 11 14 92.3000
3241 2016 11 15 70.3000
3242 2016 11 16 50.7000
3243 2016 11 17 40.3000
3244 2016 11 18 39.8000
3245 2016 11 19 68.4000
3246 2016 11 20 413.0000
3247 2016 11 21 494.0000
3248 2016 11 22 596.0000
3249 2016 11 23 335.0000
3250 2016 11 24 257.0000
3251 2016 11 25 306.0000
3252 2016 11 26 797.0000
3253 2016 11 27 331.0000
3254 2016 11 28 302.0000
3255 2016 11 29 271.0000
3256 2016 11 30 224.0000
3257 2016 12 1 217.0000
3258 2016 12 2 176.0000
3259 2016 12 3 167.0000
3260 2016 12 4 181.0000
3261 2016 12 5 140.0000
3262 2016 12 6 159.0000
3263 2016 12 7 141.0000
3264 2016 12 8 131.0000
3265 2016 12 9 150.0000
3266 2016 12 10 131.0000
3267 2016 12 11 146.0000
3268 2016 12 12 148.0000
3269 2016 12 13 135.0000
3270 2016 12 14 107.0000
3271 2016 12 15 39.1000
3272 2016 12 16 50.1000
3273 2016 12 17 88.7000
3274 2016 12 18 113.0000
3275 2016 12 19 186.0000
3276 2016 12 20 170.0000
3277 2016 12 21 171.0000
3278 2016 12 22 96.5000
3279 2016 12 23 76.8000
3280 2016 12 24 58.0000
3281 2016 12 25 94.8000
3282 2016 12 26 106.0000
3283 2016 12 27 135.0000
3284 2016 12 28 87.4000
3285 2016 12 29 81.5000
3286 2016 12 30 94.9000
3287 2016 12 31 89.9000

